0.001732 0.986927 0.007717 0.020638 0.010376 0.050964 0.009963 0.012583 0.009 0.025338 0.007794 0.006562 0.738823 0.011119 0.084423 0.003807 0.010074 0.004783 0.004742 0.006154 0.003791 0.029111 0.027446 0.013065 0.811347 0.007426 0.0038 0.006114 
0.002457 0.617851 0.01876 0.021562 0.01968 0.011972 0.025802 0.003385 0.017839 0.006462 0.008201 0.010757 0.243648 0.021586 0.788891 0.005161 0.008328 0.005149 0.007169 0.006258 0.003806 0.059686 0.040567 0.03685 0.136007 0.010323 0.005849 0.010975 
0.006978 0.212759 0.005693 0.084218 0.005698 0.042124 0.007413 0.009369 0.008747 0.0142 0.009656 0.004507 0.773986 0.008089 0.559357 0.002379 0.013699 0.001897 0.002214 0.007089 0.004033 0.050721 0.021396 0.034409 0.867518 0.007805 0.00762 0.010624 
0.001169 0.513364 0.003505 0.023598 0.01491 0.229239 0.00342 0.008048 0.015829 0.047204 0.009163 0.008385 0.110048 0.002833 0.993343 0.002723 0.004125 0.002939 0.005464 0.003299 7.42E-4 0.017985 0.025751 0.012097 0.758974 0.007587 0.004128 0.010223 
0.001562 0.67922 0.006041 0.020701 0.03898 0.022044 0.012018 0.005378 0.049353 0.013443 0.013571 0.020267 0.98668 0.01334 0.948002 0.002907 0.013624 0.005834 0.011854 0.008619 0.003132 0.050905 0.01208 0.020259 0.607727 0.01463 0.00827 0.02421 
0.001113 0.366162 0.005742 0.086272 0.010699 0.024547 0.007775 0.001997 0.019907 0.004659 0.006076 0.007767 0.409816 0.009042 0.068371 0.001697 0.016976 0.003368 0.006275 0.003592 0.002374 0.054225 0.028228 0.024305 0.289485 0.006491 0.00416 0.012055 
0.001158 0.94317 0.003476 0.105525 0.008086 0.011391 0.009346 0.005435 0.013 0.011777 0.005206 0.006931 0.283199 0.012213 0.78962 0.001785 0.006155 0.002398 0.00373 0.003148 0.002367 0.058346 0.044844 0.025369 0.601399 0.005819 0.002875 0.005617 
3.42E-4 0.24892 0.004274 0.023202 0.014922 0.027186 0.009638 0.001376 0.01247 0.003691 0.004444 0.005318 0.977256 0.008876 0.685289 0.001378 0.006281 0.001219 0.002728 0.001721 6.56E-4 0.047463 0.097586 0.021469 0.049862 0.005156 0.002015 0.005892 
0.001281 0.030915 0.012307 0.023184 0.029303 0.016085 0.017996 0.004949 0.024316 0.008941 0.00654 0.013862 0.002238 0.018303 0.83427 0.005138 0.010043 0.005574 0.006296 0.004311 0.001651 0.05509 0.024673 0.026024 0.242876 0.01316 0.006945 0.008971 
3.41E-4 0.138865 0.00348 0.029699 0.016755 0.063024 0.004453 0.001249 0.010133 0.005884 0.004775 0.008921 0.63957 0.004597 0.808652 0.00174 0.008478 0.001979 0.003627 0.003663 7.67E-4 0.061982 0.046554 0.015945 0.496721 0.010294 0.002788 0.005865 
6.38E-4 0.165346 0.003645 0.007385 0.007592 0.009835 0.003625 0.002868 0.010378 0.006096 0.005032 0.004934 0.361113 0.004066 0.251329 0.001786 0.006322 0.001715 0.003309 0.001902 0.00118 0.024941 0.112094 0.009107 0.546453 0.003879 0.002392 0.005289 
0.002554 0.941818 0.009733 0.01551 0.040233 0.015951 0.01589 0.003905 0.035967 0.008534 0.010006 0.020154 0.094489 0.014561 0.538747 0.00335 0.006896 0.004666 0.011663 0.005585 0.001359 0.049322 0.027265 0.022923 0.626591 0.018713 0.009741 0.018788 
2.88E-4 0.445789 0.002028 0.003199 0.003822 0.004619 8.13E-4 0.001341 0.005967 0.002588 0.002754 0.002717 0.955896 8.89E-4 0.677725 0.001615 0.008918 9.98E-4 0.002056 0.001265 5.25E-4 0.011559 0.086577 0.002032 0.859717 0.002583 0.001432 0.003437 
0.001235 0.324562 0.004312 0.259755 0.006515 0.033111 0.007658 0.004405 0.011595 0.007329 0.006918 0.005514 0.298017 0.011991 0.904613 0.001182 0.002407 0.002421 0.006033 0.002556 0.001066 0.029987 0.048505 0.018544 0.832865 0.004111 0.003862 0.007446 
0.001858 0.861596 0.002419 0.010931 0.071644 0.006663 0.003765 0.001061 0.086096 0.001616 0.004459 0.013983 0.644794 0.002484 0.139689 7.16E-4 0.003249 0.004776 0.00858 0.006158 0.001248 0.017784 0.033764 0.019733 0.938002 0.022338 0.012403 0.01473 
0.001371 0.152902 0.002414 0.025019 0.007736 0.033473 0.003155 0.003599 0.014427 0.027764 0.006799 0.005541 0.790235 0.002886 0.454425 0.002027 0.007887 0.002371 0.003936 0.004111 0.00278 0.007775 0.013161 0.006172 0.089569 0.005606 0.002418 0.006929 
5.17E-4 0.115494 0.003425 0.031488 0.033066 0.110832 0.004797 0.001494 0.029234 0.006476 0.004115 0.008626 0.026146 0.006845 0.21461 0.001253 0.003674 0.001657 0.003129 0.001735 9.52E-4 0.137177 0.036911 0.007047 0.828906 0.005191 0.003286 0.008388 
8.73E-4 0.950582 0.003257 0.049009 0.016379 0.020196 0.01357 0.01122 0.01561 0.025743 0.016824 0.011958 0.580565 0.009806 0.582181 0.001407 0.018561 0.004301 0.007351 0.00715 0.003794 0.032597 0.007467 0.025233 0.084627 0.008831 0.005083 0.010612 
7.83E-4 0.593561 0.002987 0.024604 0.006944 0.005771 0.003008 0.003288 0.011356 0.017771 0.003677 0.005357 0.1045 0.004097 0.070764 0.001699 0.023087 0.002191 0.00361 0.002752 0.002776 0.009352 0.011313 0.004635 0.607257 0.004443 0.003547 0.005171 
5.45E-4 0.473618 0.002244 0.034981 0.013391 0.280721 0.005377 0.006381 0.022253 0.030822 0.00848 0.006431 0.469101 0.003796 0.447007 0.00197 0.003416 0.001824 0.006142 0.002193 9.84E-4 0.020981 0.039336 0.009086 0.279829 0.003917 0.003567 0.010339 
0.002991 0.680352 0.009632 0.019813 0.04645 0.0171 0.018183 0.00611 0.04019 0.009704 0.010754 0.024273 0.283444 0.017073 0.571413 0.003733 0.006711 0.010156 0.012822 0.007485 0.002213 0.034818 0.021359 0.018796 0.24327 0.021503 0.013687 0.017915 
0.002506 0.215177 0.003124 0.09765 0.009015 0.006324 0.004285 0.002498 0.016433 0.007706 0.004317 0.008783 0.584465 0.00614 0.506833 0.001636 0.006318 0.004049 0.00555 0.004105 0.001918 0.072198 0.054763 0.021256 0.197862 0.005954 0.00567 0.006508 
0.001964 0.970373 0.002326 0.019037 0.010129 0.007846 0.003185 0.002144 0.012088 0.012222 0.003812 0.009071 0.427793 0.003435 0.290186 0.002163 0.020839 0.004914 0.005973 0.006701 0.00188 0.009761 0.008925 0.007316 0.656694 0.010362 0.004673 0.005947 
0.001006 0.821019 0.004516 0.020257 0.016686 0.011535 0.008076 0.005282 0.015436 0.008243 0.007117 0.012777 0.063739 0.00918 0.806293 0.001708 0.010776 0.004287 0.007188 0.006732 0.003122 0.034271 0.030626 0.009256 0.966472 0.010098 0.005848 0.009413 
0.001268 0.358128 0.007231 0.023778 0.012683 0.011724 0.010734 0.003677 0.008118 0.007628 0.004741 0.007462 0.70253 0.012263 0.466757 0.003426 0.003812 0.004415 0.003888 0.005692 0.001948 0.024444 0.015061 0.014947 0.929169 0.011176 0.005525 0.004757 
0.002178 0.823704 0.012391 0.025574 0.038516 0.014627 0.018449 0.003515 0.03579 0.008596 0.009142 0.017045 0.993343 0.018164 0.859378 0.004983 0.008774 0.006201 0.007354 0.005777 0.00184 0.060725 0.023255 0.024387 0.708113 0.01811 0.005972 0.011925 
0.001938 0.846304 0.00407 0.126392 0.008091 0.010723 0.006254 0.001787 0.014254 0.00689 0.004188 0.006539 0.739022 0.006849 0.991203 0.001822 0.004313 0.002518 0.004275 0.003177 0.001843 0.055966 0.048219 0.02691 0.826307 0.005808 0.002447 0.007537 
7.21E-4 0.030389 0.006088 0.030891 0.01019 0.046536 0.00533 0.014602 0.00793 0.117176 0.010518 0.005829 0.558565 0.006473 0.679905 0.002401 0.003534 0.002781 0.002225 0.003385 0.001236 0.009426 0.011382 0.060412 0.214512 0.005942 0.002507 0.003882 
0.007399 0.044079 0.005435 0.136622 0.009668 0.01088 0.01105 0.002041 0.009578 0.005649 0.00395 0.006357 0.440187 0.013106 0.379839 0.001672 0.003685 0.002631 0.002304 0.007503 0.001746 0.048317 0.006514 0.048161 0.437172 0.008616 0.007789 0.012025 
0.003848 0.269047 0.010125 0.019128 0.033645 0.018166 0.013922 0.006441 0.030021 0.012829 0.009971 0.022229 0.28284 0.014457 0.655611 0.005379 0.009126 0.011856 0.00929 0.007476 0.001952 0.035993 0.019282 0.016211 0.368311 0.023259 0.010433 0.016727 
0.001768 0.241787 0.008478 0.02308 0.015735 0.011712 0.009981 0.008648 0.030748 0.011199 0.013871 0.011192 0.835713 0.012191 0.972089 0.003625 0.01166 0.005606 0.008723 0.006718 0.003434 0.060763 0.01745 0.012816 0.08437 0.008718 0.005971 0.022957 
8.86E-4 0.34631 0.002162 0.018477 0.009229 0.232056 0.00327 0.008601 0.016464 0.045066 0.004076 0.007243 0.236805 0.00282 0.492667 0.001342 0.006092 0.002482 0.004121 0.003345 0.001636 0.018597 0.024983 0.026628 0.795362 0.005126 0.003306 0.006192 
0.001602 0.251413 0.003845 0.074706 0.007471 0.044994 0.004013 0.005378 0.00746 0.013218 0.014857 0.006047 0.055314 0.004643 0.482507 0.001901 0.010788 0.004061 0.00399 0.005107 0.002748 0.091313 0.026225 0.037986 0.895597 0.006813 0.004265 0.005438 
6.15E-4 0.036426 0.003257 0.019116 0.011729 0.224842 0.004739 0.011729 0.016784 0.059768 0.00679 0.004712 0.135478 0.004034 0.30915 0.001824 0.003357 0.001664 0.003831 0.001784 0.001018 0.010843 0.019384 0.009303 0.365033 0.003392 0.002299 0.008606 
7.69E-4 0.268124 0.002996 0.098331 0.006877 0.01474 0.006101 0.004246 0.012609 0.010484 0.007039 0.006071 0.568354 0.008551 0.703953 0.001404 0.002578 0.002019 0.005106 0.001731 0.001241 0.080171 0.041479 0.023257 0.649751 0.005131 0.002557 0.006251 
0.001254 0.158824 0.008848 0.078719 0.010814 0.023377 0.017005 0.006877 0.00977 0.019866 0.009729 0.007881 0.009977 0.017718 0.586178 0.002701 0.006872 0.003428 0.005151 0.004605 0.001923 0.046984 0.023084 0.050136 0.582781 0.007885 0.004489 0.008859 
0.001109 0.903665 0.0077 0.02503 0.025595 0.017064 0.013093 0.008343 0.02189 0.019814 0.006814 0.013995 0.190903 0.014426 0.689638 0.003288 0.010157 0.006054 0.006835 0.008085 0.002395 0.044661 0.021792 0.023915 0.260512 0.016446 0.005754 0.009967 
9.58E-4 0.260998 0.005252 0.049128 0.004686 0.03695 0.007387 0.005321 0.00486 0.010213 0.009697 0.005424 0.883789 0.007325 0.299175 0.001632 0.004248 0.002446 0.003561 0.001988 0.001088 0.088701 0.043835 0.026725 0.671151 0.003726 0.002319 0.00378 
0.006883 0.059691 0.00571 0.077104 0.016081 0.021112 0.009369 0.006038 0.009261 0.013515 0.009206 0.010634 0.608759 0.00892 0.437773 0.001953 0.005707 0.004194 0.003901 0.007188 0.002342 0.061695 0.023326 0.038865 0.109633 0.008223 0.007506 0.011794 
0.001338 0.354569 0.003104 0.023573 0.006817 0.054923 0.004158 0.004739 0.012337 0.04296 0.018498 0.00668 0.781092 0.004171 0.300809 0.002952 0.012954 0.003064 0.006496 0.003582 0.002335 0.015591 0.012173 0.007975 0.612727 0.004372 0.002531 0.008109 
0.001182 0.361297 0.003592 0.019274 0.022689 0.009935 0.005006 0.003938 0.019322 0.006741 0.007422 0.013356 0.318345 0.005719 0.006226 0.002317 0.016757 0.004883 0.00725 0.006962 0.0026 0.059339 0.017462 0.00781 0.700892 0.012598 0.005954 0.010058 
0.006337 0.824499 0.005338 0.081323 0.009819 0.014788 0.010615 0.004331 0.008739 0.00762 0.007109 0.006724 0.156694 0.012499 0.476575 0.001475 0.006068 0.002857 0.002954 0.006193 0.001533 0.063835 0.019498 0.04851 0.379573 0.007362 0.00661 0.010923 
8.11E-4 0.493893 0.006384 0.01026 0.009283 0.012588 0.007931 0.002611 0.014538 0.007491 0.008803 0.005873 0.326774 0.008259 0.026315 0.003848 0.003969 0.0021 0.005517 0.002711 0.001085 0.031204 0.014171 0.0148 0.623169 0.00455 0.003829 0.008787 
9.29E-4 0.179369 0.006803 0.078207 0.019279 0.020295 0.007546 0.002887 0.020437 0.005566 0.008849 0.007236 0.544682 0.009882 0.999793 0.003126 0.01147 0.002566 0.005685 0.003032 0.001782 0.023386 0.023738 0.018815 0.876351 0.008285 0.002656 0.021803 
0.002332 0.801442 0.002554 0.109842 0.008619 0.012204 0.004122 0.002722 0.01301 0.008855 0.006119 0.010572 0.804521 0.007766 0.366833 0.001559 0.003553 0.004638 0.007113 0.003589 0.002138 0.099225 0.04353 0.016699 0.511106 0.009824 0.005436 0.008785 
0.002848 0.87747 0.009037 0.015446 0.021432 0.011722 0.009244 0.005157 0.025185 0.01027 0.015032 0.012651 0.355033 0.010317 0.564269 0.003218 0.015506 0.008358 0.01136 0.011301 0.004984 0.054132 0.024704 0.014085 0.090962 0.010933 0.00854 0.021359 
0.003216 0.972852 0.008586 0.021597 0.016133 0.019665 0.016443 0.007983 0.015363 0.013569 0.012935 0.011076 0.815987 0.018061 0.25611 0.00284 0.014513 0.007104 0.010851 0.009646 0.004487 0.056785 0.026618 0.028969 0.298964 0.011326 0.008657 0.012349 
0.003463 0.957112 0.006421 0.046847 0.014483 0.016614 0.010316 0.006188 0.017569 0.014463 0.011745 0.01502 0.278839 0.012567 0.216471 0.00312 0.012375 0.010638 0.012457 0.00937 0.003101 0.043088 0.025459 0.016112 0.343006 0.013514 0.010737 0.017859 
0.008215 0.702138 0.006426 0.074664 0.011634 0.023372 0.011348 0.007077 0.011023 0.010434 0.009597 0.007767 0.27897 0.014147 0.03676 0.003103 0.003804 0.003844 0.00502 0.008778 0.001706 0.036653 0.016821 0.028978 0.251504 0.009952 0.008997 0.01372 
0.001038 0.297508 0.006924 0.155295 0.008 0.016231 0.020895 0.001258 0.008402 0.001803 0.003438 0.005248 0.256528 0.046445 0.209915 0.001269 0.003116 0.002949 0.00353 0.003162 0.001633 0.091074 0.02185 0.01885 0.861106 0.005198 0.003659 0.004902 
0.001291 0.097281 0.003969 0.024334 0.013967 0.080814 0.004426 0.013336 0.007563 0.121648 0.014434 0.007564 0.504324 0.004237 0.988568 0.001351 0.007491 0.004288 0.003794 0.005245 0.002222 0.008069 0.012713 0.043476 0.03975 0.007746 0.00398 0.004557 
0.001444 0.509953 0.003357 0.01856 0.010568 0.011548 0.005502 0.003826 0.0168 0.019899 0.004087 0.00848 0.622391 0.00538 0.850614 0.001971 0.022799 0.004109 0.005442 0.004811 0.003845 0.013049 0.024174 0.007546 0.077487 0.008386 0.003254 0.006592 
0.001736 0.856251 0.008768 0.124123 0.007603 0.007367 0.023547 0.001414 0.007282 0.001851 0.002803 0.005526 0.741304 0.044325 0.218994 0.001815 0.003255 0.003758 0.003773 0.003542 0.001757 0.081439 0.025879 0.023179 0.221695 0.005033 0.00349 0.004348 
0.002635 0.14115 0.008161 0.020823 0.028745 0.020902 0.009961 0.005141 0.023972 0.009345 0.008772 0.011205 0.239492 0.009776 0.732104 0.003498 0.0108 0.010044 0.008314 0.007977 0.002098 0.071074 0.021066 0.018463 0.928845 0.021222 0.008508 0.012751 
0.002359 0.706085 0.004908 0.12509 0.006577 0.009096 0.005314 0.003114 0.013472 0.009575 0.005035 0.004971 0.098756 0.005995 0.865133 0.001839 0.00271 0.001732 0.004267 0.001737 0.00145 0.086037 0.035193 0.026862 0.496722 0.003132 0.002937 0.006909 
0.001084 0.570683 0.005042 0.024533 0.05807 0.123853 0.007793 0.002457 0.047297 0.006837 0.006338 0.020202 0.465662 0.008275 0.796258 0.001755 0.004007 0.00379 0.006654 0.004794 0.001295 0.060597 0.052107 0.012402 0.699134 0.012736 0.006522 0.013306 
9.98E-4 0.382868 0.002658 0.019419 0.010667 0.155533 0.003477 0.011555 0.010807 0.071885 0.008946 0.003397 0.176519 0.00289 0.83975 0.001696 0.003811 0.001399 0.003298 0.00232 9.73E-4 0.021277 0.029925 0.014566 0.331989 0.004021 0.001902 0.005248 
0.001705 0.363229 0.008015 0.01821 0.018942 0.013599 0.0114 0.005658 0.020467 0.016657 0.006835 0.01368 0.338604 0.013475 0.503414 0.003544 0.015292 0.004671 0.007012 0.00651 0.003517 0.050011 0.017163 0.019479 0.468399 0.010529 0.006004 0.009695 
7.11E-4 0.175436 0.004072 0.012941 0.053707 0.013014 0.00655 0.001484 0.065191 0.003067 0.006032 0.010844 0.513679 0.004467 0.5706 0.001023 0.00409 0.002925 0.006848 0.003443 8.21E-4 0.01273 0.078414 0.022409 0.961663 0.018473 0.009006 0.010373 
8.33E-4 0.587362 0.00461 0.032277 0.047995 0.107903 0.006212 0.002618 0.036394 0.011808 0.006439 0.010293 0.952528 0.006635 0.353879 0.001683 0.003798 0.003199 0.005654 0.003543 0.001088 0.151055 0.046355 0.007086 0.660836 0.008799 0.005353 0.011434 
0.001363 0.24607 0.010387 0.032184 0.011976 0.038718 0.018058 0.008634 0.012144 0.016341 0.01138 0.008102 0.598629 0.020223 0.053978 0.002869 0.011877 0.004129 0.005231 0.007858 0.003488 0.047324 0.035029 0.026005 0.047787 0.007966 0.004012 0.008419 
0.001716 0.134921 0.008275 0.044186 0.007997 0.023957 0.010026 0.00468 0.008446 0.0101 0.007831 0.006355 0.516657 0.010082 0.67533 0.002099 0.007981 0.004732 0.005348 0.005065 0.00328 0.048515 0.037404 0.02079 0.658774 0.006002 0.0079 0.006128 
8.53E-4 0.986051 0.004227 0.086613 0.018701 0.029873 0.008885 0.015194 0.017891 0.019484 0.011404 0.012289 0.120508 0.010308 0.734559 0.001315 0.007415 0.003462 0.005502 0.003794 0.001573 0.033714 0.012549 0.045505 0.09863 0.007453 0.004579 0.009304 
0.0019 0.389129 0.019814 0.025281 0.016859 0.046649 0.014019 0.012906 0.010809 0.090437 0.012582 0.011708 0.588362 0.013013 0.849722 0.008778 0.002911 0.006684 0.006753 0.006892 0.001622 0.008617 0.008357 0.033272 0.572971 0.012009 0.007066 0.007417 
0.001099 0.626955 0.005276 0.110308 0.009673 0.02306 0.007544 0.002498 0.012991 0.005456 0.007784 0.005237 0.580618 0.011514 0.906052 0.001969 0.009445 0.00279 0.003903 0.003444 0.001663 0.018152 0.031275 0.016019 0.163566 0.007894 0.002828 0.01273 
6.82E-4 0.304298 0.003714 0.022679 0.056566 0.004787 0.003925 0.001546 0.059347 0.001771 0.003256 0.010454 0.564996 0.003677 0.86019 0.001242 0.002858 0.002689 0.005783 0.003781 8.86E-4 0.016645 0.060118 0.017298 0.936684 0.016801 0.009779 0.007723 
9.45E-4 0.479914 0.007775 0.031537 0.019741 0.012588 0.010713 0.007019 0.022557 0.018897 0.00997 0.011884 0.258446 0.01193 0.227341 0.003811 0.010753 0.004452 0.008333 0.007686 0.002542 0.0538 0.0168 0.019543 0.48101 0.010082 0.005651 0.011291 
0.001691 0.724825 0.006503 0.019522 0.010022 0.037242 0.009056 0.016563 0.011931 0.026633 0.014568 0.008442 0.615532 0.009442 0.953569 0.003709 0.012501 0.00526 0.006664 0.00787 0.006069 0.024533 0.02387 0.011535 0.961746 0.010322 0.00485 0.007707 
0.001391 0.068798 0.007824 0.128947 0.007992 0.017013 0.02219 0.001527 0.008165 0.003224 0.005108 0.006987 0.611237 0.059056 0.776993 0.001286 0.003986 0.003659 0.004909 0.003432 0.002023 0.049909 0.020423 0.022481 0.696715 0.005406 0.004501 0.006419 
8.83E-4 0.796179 0.003303 0.02526 0.035879 0.111723 0.004804 0.002319 0.029158 0.007119 0.00321 0.012393 0.207032 0.007552 0.52019 0.001065 0.003484 0.002802 0.004775 0.003454 9.11E-4 0.166012 0.03867 0.006515 0.946817 0.008078 0.004921 0.009111 
0.001848 0.46791 0.011818 0.029068 0.016228 0.022438 0.016633 0.005433 0.017649 0.013206 0.014078 0.009989 0.067383 0.019591 0.487431 0.003794 0.01398 0.004483 0.008739 0.005726 0.002847 0.051428 0.045439 0.021497 0.498104 0.009235 0.005925 0.01292 
0.002802 0.327024 0.005141 0.10022 0.009796 0.006821 0.006029 0.003497 0.009304 0.007553 0.003145 0.006942 0.708671 0.009947 0.82075 0.002848 0.006043 0.004439 0.002789 0.007828 0.003191 0.053076 0.072443 0.016151 0.463295 0.010251 0.003123 0.00393 
7.21E-4 0.294303 0.004153 0.098883 0.014789 0.030853 0.008096 0.009202 0.018503 0.015535 0.009208 0.011627 0.864622 0.009892 0.581093 0.002116 0.008685 0.003143 0.004704 0.0039 0.001716 0.031041 0.021618 0.019573 0.06818 0.00801 0.004092 0.007334 
0.010223 0.400293 0.008324 0.057812 0.013045 0.020067 0.01354 0.00348 0.012946 0.007195 0.005206 0.008449 0.266242 0.011684 0.988061 0.002801 0.006185 0.002575 0.005865 0.010498 0.00194 0.056472 0.026559 0.066837 0.613546 0.011583 0.011038 0.015813 
8.29E-4 0.014093 0.00558 0.154611 0.008047 0.025701 0.014464 0.00331 0.007336 0.003909 0.004712 0.004844 0.433435 0.030139 0.724992 0.001379 0.006243 0.002606 0.003631 0.002866 0.001484 0.056243 0.025011 0.025165 0.527434 0.004348 0.003416 0.004714 
0.001451 0.889904 0.003147 0.013861 0.04162 0.012002 0.004571 0.001082 0.065348 0.003691 0.004682 0.010176 0.702765 0.004132 0.57425 8.78E-4 0.006369 0.004406 0.0061 0.008116 0.002353 0.013788 0.058527 0.018894 0.533958 0.019091 0.009192 0.007445 
0.001782 0.545005 0.008811 0.016725 0.02591 0.016301 0.011446 0.005752 0.028563 0.01085 0.010236 0.01695 0.121 0.011413 0.203715 0.004325 0.015503 0.007352 0.011012 0.009024 0.004259 0.016338 0.021301 0.027015 0.833349 0.015593 0.008321 0.016347 
0.003543 0.523592 0.00729 0.021773 0.023578 0.034325 0.009185 0.014463 0.030129 0.011371 0.011943 0.024945 0.898799 0.009871 0.567685 0.004283 0.011641 0.013262 0.016454 0.013877 0.005777 0.023805 0.034109 0.014336 0.381611 0.021726 0.013891 0.018445 
0.001347 0.509022 0.002699 0.090809 0.007732 0.008621 0.003893 0.004383 0.017402 0.01224 0.005669 0.006952 0.382569 0.00957 0.169484 0.001588 0.007889 0.002823 0.005388 0.00393 0.001598 0.076175 0.059221 0.015845 0.928011 0.004809 0.003418 0.008138 
0.001735 0.708588 0.00594 0.066386 0.01015 0.038686 0.009851 0.011833 0.010538 0.019705 0.014145 0.007381 0.464699 0.011479 0.789811 0.002621 0.007393 0.004458 0.005949 0.006236 0.002402 0.037476 0.014331 0.030027 0.305053 0.009431 0.004627 0.008243 
9.43E-4 0.123693 0.005543 0.011 0.011855 0.004806 0.00666 0.001355 0.011324 0.002752 0.002939 0.007741 0.606442 0.006359 0.895955 0.002594 0.003308 0.00293 0.003234 0.004319 0.001286 0.046408 0.013612 0.010843 0.01612 0.006175 0.003652 0.004544 
0.001207 0.849894 0.005751 0.023969 0.063167 0.125243 0.007251 0.00201 0.044619 0.010626 0.004811 0.020044 0.878873 0.008701 0.861348 0.001954 0.0024 0.004026 0.006607 0.004622 0.00109 0.073538 0.034424 0.008931 0.542607 0.012598 0.006298 0.014053 
5.52E-4 0.725928 0.001719 0.021891 0.009525 0.053315 0.002118 0.021048 0.005067 0.179329 0.016849 0.00486 0.919777 0.002938 0.33909 7.02E-4 0.005406 0.00284 0.001569 0.003987 0.001583 0.008618 0.010879 0.036921 0.582295 0.006159 0.001912 0.002928 
7.92E-4 0.600839 0.003772 0.005882 0.008195 0.00639 0.003606 0.001951 0.006754 0.003533 0.003993 0.005703 0.65252 0.003823 0.92079 0.002455 0.004397 0.00229 0.00327 0.003427 0.001153 0.147527 0.006106 0.007225 0.837841 0.00548 0.003034 0.004075 
7.53E-4 0.788823 0.006969 0.018574 0.016821 0.011877 0.009838 0.002519 0.016237 0.005502 0.004867 0.008631 0.751224 0.009787 0.976147 0.004141 0.006582 0.002289 0.003416 0.003952 0.001747 0.029905 0.019116 0.015673 0.322482 0.009242 0.003918 0.006232 
1.9E-4 0.530778 0.002045 0.035445 0.005499 0.079097 0.002205 0.020957 0.004496 0.161866 0.021288 0.002038 0.182228 0.003349 0.658116 0.001016 0.003204 7.09E-4 0.001427 0.001237 8.1E-4 0.008273 0.008545 0.033223 0.148633 0.002632 6.93E-4 0.002564 
7.63E-4 0.515773 0.008192 0.116536 0.013462 0.016795 0.011148 0.00237 0.015618 0.004681 0.00755 0.006982 0.946009 0.013067 0.052486 0.002354 0.011624 0.002076 0.005549 0.002482 0.001654 0.020465 0.019393 0.013584 0.678106 0.007002 0.003084 0.012472 
0.002637 0.17884 0.012078 0.038426 0.009306 0.04289 0.011583 0.006741 0.010161 0.010581 0.012449 0.012259 0.817635 0.009107 0.663968 0.004334 0.007231 0.005165 0.007977 0.005004 0.002356 0.042071 0.033612 0.041477 0.913182 0.007813 0.007859 0.010145 
0.001508 0.730718 0.006416 0.059657 0.006162 0.049997 0.0102 0.007667 0.006477 0.010251 0.013417 0.007221 0.6522 0.010989 0.640075 0.002473 0.005465 0.004113 0.005821 0.003988 0.001746 0.060531 0.064597 0.019339 0.450963 0.005959 0.005461 0.006082 
8.82E-4 0.924548 0.004568 0.023962 0.066992 0.00406 0.006475 0.001121 0.061783 0.00174 0.003863 0.015161 0.121354 0.004769 0.252911 0.001114 0.003218 0.003875 0.007172 0.004134 0.001059 0.007335 0.059863 0.02253 0.128265 0.020228 0.012334 0.010235 
7.19E-4 0.217865 0.00427 0.269464 0.004117 0.022375 0.012306 0.001857 0.004701 0.002735 0.004041 0.004093 0.12544 0.02467 0.469394 0.001261 0.004587 0.002292 0.003253 0.002799 0.001478 0.053145 0.031679 0.029463 0.835027 0.004319 0.001983 0.003795 
4.97E-4 0.022414 0.005528 0.012383 0.008648 0.00724 0.006098 0.002693 0.008978 0.005478 0.004769 0.006018 0.067785 0.005871 0.46582 0.003223 0.005286 0.002134 0.004063 0.003616 0.001489 0.039865 0.01054 0.009857 0.893474 0.005886 0.003428 0.006107 
6.75E-4 0.499649 0.00437 0.05352 0.012852 0.019799 0.011009 0.009051 0.014627 0.015506 0.009332 0.012077 0.827142 0.010775 0.029332 0.00187 0.010937 0.003161 0.004379 0.005773 0.002152 0.025558 0.026989 0.026553 0.698254 0.007365 0.003391 0.008256 
5.84E-4 0.873512 0.003317 0.006289 0.00647 0.0087 0.002789 0.001638 0.007642 0.002466 0.003452 0.003911 0.720723 0.00311 0.564261 0.002074 0.012245 0.001526 0.002787 0.001568 8.6E-4 0.015246 0.094508 0.007701 0.922713 0.003234 0.001846 0.003175 
0.00115 0.898376 0.00552 0.266688 0.0059 0.018358 0.014289 0.001773 0.005464 0.003353 0.003904 0.00452 0.267748 0.024066 0.255427 0.001199 0.002248 0.002851 0.003231 0.002225 0.001225 0.052123 0.016994 0.022462 0.938316 0.003995 0.002272 0.004304 
6.75E-4 0.431433 0.004082 0.028389 0.021233 0.212894 0.007148 0.001806 0.016263 0.010841 0.003585 0.005607 0.737633 0.007038 0.38056 0.001677 0.003941 0.002408 0.002871 0.002828 9.29E-4 0.097922 0.029732 0.005528 0.452999 0.005713 0.002829 0.006597 
3.75E-4 0.426041 0.003844 0.028959 0.017483 0.044818 0.009325 0.001487 0.013736 0.004229 0.003884 0.007041 0.511874 0.009169 0.726637 0.001476 0.005892 0.001491 0.002972 0.002023 0.001138 0.052856 0.090741 0.023514 0.832754 0.007031 0.002605 0.005408 
0.002321 0.38334 0.010535 0.039902 0.015626 0.023749 0.013105 0.012436 0.022737 0.017504 0.015391 0.008686 0.411314 0.013134 0.138216 0.002926 0.009829 0.00614 0.008817 0.006333 0.002629 0.048825 0.020414 0.020302 0.055848 0.010227 0.006226 0.013211 
0.001314 0.28166 0.005494 0.051408 0.016614 0.02817 0.01062 0.007697 0.016451 0.012645 0.009496 0.010137 0.133395 0.007758 0.608161 0.00203 0.013871 0.003369 0.004301 0.005462 0.002804 0.025455 0.018995 0.042182 0.208258 0.009194 0.004883 0.008409 
0.001406 0.6809 0.008275 0.023054 0.012982 0.009433 0.012144 0.003233 0.012124 0.006662 0.004648 0.010351 0.333373 0.010697 0.382938 0.003075 0.0105 0.005072 0.00496 0.006792 0.002215 0.047038 0.036579 0.015216 0.21327 0.01003 0.004761 0.00696 
0.002191 0.587821 0.009017 0.033503 0.017664 0.019082 0.011862 0.018286 0.029335 0.022797 0.016161 0.014793 0.629908 0.013642 0.608559 0.004648 0.013321 0.008109 0.012581 0.011165 0.005592 0.041303 0.015346 0.017804 0.683308 0.013748 0.00993 0.015678 
0.002725 0.338085 0.011296 0.022365 0.014895 0.011829 0.01432 0.005432 0.018467 0.00806 0.011564 0.01274 0.695691 0.013567 0.507799 0.004472 0.010384 0.008372 0.011689 0.007254 0.003113 0.086915 0.020999 0.017838 0.13812 0.009897 0.009493 0.018668 
7.65E-4 0.027629 0.003233 0.01963 0.011511 0.182918 0.006427 0.0058 0.019125 0.048068 0.005756 0.005509 0.83136 0.004164 0.1202 0.001707 0.004368 0.002499 0.004176 0.002782 0.001074 0.028951 0.024513 0.013865 0.524106 0.005004 0.003199 0.006958 
6.81E-4 0.500499 0.003584 0.027392 0.019901 0.176915 0.004817 0.009201 0.020154 0.056875 0.004391 0.006938 0.148465 0.003635 0.884389 0.001681 0.006926 0.002716 0.002438 0.004097 0.00201 0.008632 0.045591 0.011097 0.904666 0.008566 0.002428 0.006939 
0.001235 0.846228 0.004475 0.01006 0.013416 0.012097 0.004467 0.005691 0.013446 0.009374 0.008961 0.009113 0.960917 0.004458 0.463909 0.003523 0.006974 0.003298 0.005974 0.004804 0.002091 0.150311 0.015637 0.007504 0.861335 0.010676 0.00604 0.008312 
0.001153 0.634278 0.008254 0.16997 0.00594 0.008911 0.027385 5.85E-4 0.006165 0.001147 0.002899 0.005282 0.601543 0.068095 0.33542 0.001603 0.002373 0.003015 0.003857 0.002522 9.07E-4 0.09348 0.017299 0.015781 0.570837 0.00471 0.003842 0.004473 
0.00112 0.528922 0.003298 0.072699 0.007129 0.012709 0.006752 0.003535 0.015329 0.008862 0.007543 0.005467 0.085398 0.010401 0.70252 0.001684 0.004135 0.001911 0.005267 0.00152 0.001777 0.10731 0.035584 0.025153 0.54328 0.005557 0.003274 0.007461 
0.00123 0.984532 0.008898 0.015957 0.023796 0.012804 0.012858 0.004088 0.020823 0.009459 0.007439 0.015317 0.951197 0.011827 0.451124 0.002356 0.009055 0.004093 0.007428 0.006531 0.002904 0.058586 0.016852 0.014763 0.03463 0.011421 0.005152 0.01172 
0.001458 0.497408 0.004781 0.07544 0.028402 0.031952 0.006777 0.003419 0.028971 0.006927 0.007359 0.01238 0.959875 0.008745 0.668086 0.002105 0.007645 0.004284 0.009387 0.00436 0.001829 0.021889 0.015942 0.020879 0.722844 0.01225 0.005502 0.015128 
0.001308 0.702237 0.007646 0.055947 0.007152 0.025664 0.010309 0.003689 0.006186 0.013046 0.008487 0.008386 0.631931 0.009821 0.643698 0.002116 0.006991 0.003623 0.004479 0.003903 0.001518 0.043075 0.038653 0.032792 0.972306 0.006501 0.004647 0.004918 
0.001332 0.755914 0.001934 0.03148 0.009197 0.004222 0.003325 0.003932 0.011186 0.021032 0.004831 0.005963 0.466202 0.003872 0.978564 0.001436 0.009372 0.004197 0.004429 0.006803 0.003267 0.008805 0.01413 0.006359 0.113931 0.009894 0.004586 0.005285 
7.57E-4 0.02286 0.003304 0.05941 0.019856 0.02482 0.010649 0.010939 0.01736 0.019545 0.012494 0.011874 0.585426 0.011434 0.528611 0.001377 0.008628 0.003165 0.005968 0.00442 0.001801 0.050243 0.021125 0.03696 0.868727 0.009919 0.004811 0.007956 
7.06E-4 0.360928 0.004789 0.012498 0.021656 0.011969 0.004953 0.004911 0.01922 0.00909 0.008527 0.012473 0.991307 0.004711 0.039604 0.002365 0.009478 0.003453 0.006381 0.004962 0.001764 0.041108 0.031357 0.009647 0.207912 0.009554 0.004388 0.010693 
0.001245 0.67988 0.005077 0.024369 0.006007 0.008123 0.005599 0.00438 0.012037 0.024524 0.003616 0.004238 0.005653 0.005416 0.60734 0.005215 0.017945 0.003272 0.003373 0.004341 0.002734 0.014139 0.016307 0.01047 0.199834 0.00621 0.003727 0.005227 
0.001669 0.402364 0.006108 0.031448 0.023157 0.014391 0.009819 0.007869 0.023683 0.021054 0.011323 0.015764 0.006108 0.012397 0.759832 0.003007 0.00867 0.005672 0.006675 0.007218 0.002295 0.049868 0.018973 0.030696 0.241872 0.013168 0.007268 0.011733 
0.001424 0.575184 0.004238 0.023774 0.013017 0.010356 0.004402 0.002854 0.026136 0.021288 0.005976 0.007497 0.411422 0.003562 0.989186 0.002379 0.019128 0.003491 0.00567 0.00261 0.001617 0.010531 0.011755 0.008694 0.519932 0.006952 0.002871 0.009759 
0.002848 0.456525 0.011669 0.036596 0.009122 0.031022 0.011119 0.007834 0.009624 0.009856 0.007178 0.014883 0.875414 0.007914 0.628693 0.005241 0.005455 0.00527 0.006701 0.004714 0.002057 0.05226 0.067584 0.02672 0.571357 0.007564 0.005671 0.007779 
0.001991 0.782551 0.009086 0.029269 0.017371 0.020038 0.012791 0.00391 0.024424 0.009416 0.015865 0.012793 0.321023 0.012461 0.784855 0.00303 0.007825 0.005964 0.010962 0.005966 0.001849 0.044664 0.022083 0.023822 0.847911 0.01037 0.007636 0.019589 
0.008289 0.17921 0.006613 0.08593 0.010656 0.013998 0.010562 0.002814 0.011603 0.007282 0.003912 0.004316 0.50115 0.01011 0.213764 0.002761 0.006274 0.001647 0.002246 0.0083 0.001232 0.042291 0.0246 0.061643 0.691437 0.010011 0.00892 0.014579 
0.002601 0.401536 0.009858 0.013736 0.049221 0.006133 0.01281 0.004586 0.043932 0.005824 0.009538 0.024578 0.50455 0.009928 0.285592 0.004868 0.010839 0.012026 0.016258 0.007244 0.002845 0.056436 0.01445 0.014389 0.750839 0.030229 0.016363 0.021539 
4.7E-4 0.583504 0.003571 0.020475 0.013863 0.224309 0.005115 0.008318 0.020617 0.051689 0.006784 0.005955 0.617601 0.003722 0.556831 0.002434 0.004841 0.001506 0.003559 0.002339 0.001034 0.023136 0.016795 0.011624 0.052305 0.005151 0.002582 0.006415 
0.002515 0.82645 0.008356 0.024748 0.023481 0.026924 0.01497 0.009495 0.019335 0.014125 0.015361 0.012318 0.829914 0.016177 0.223462 0.003321 0.008453 0.006733 0.01015 0.005079 0.001896 0.063167 0.020799 0.017248 0.329041 0.017976 0.006441 0.017388 
3.75E-4 0.216276 0.00457 0.034932 0.018258 0.050245 0.010167 0.001279 0.01255 0.004075 0.003454 0.008605 0.001799 0.009975 0.967703 0.001737 0.005564 0.002196 0.003199 0.002966 5.05E-4 0.024395 0.053701 0.022849 0.304404 0.009599 0.002953 0.005103 
0.001676 0.47911 0.007074 0.024008 0.022898 0.018722 0.009989 0.00578 0.02131 0.01171 0.012348 0.013508 0.744067 0.012105 0.490442 0.00333 0.013281 0.005118 0.009248 0.005241 0.002016 0.061068 0.048729 0.021162 0.944909 0.011693 0.006801 0.014206 
0.002774 0.230299 0.008618 0.033804 0.010623 0.023555 0.01262 0.010635 0.020236 0.02033 0.009799 0.011014 0.40773 0.013086 0.448428 0.003734 0.009407 0.008631 0.008558 0.009006 0.004637 0.049902 0.035475 0.018293 0.599879 0.010249 0.007218 0.010956 
6.44E-4 0.295181 0.004106 0.024844 0.019983 0.037341 0.008441 0.002634 0.016438 0.005023 0.006737 0.008357 0.283595 0.009098 0.282728 0.001547 0.00608 0.002839 0.005032 0.003875 0.001049 0.041423 0.058292 0.015662 0.593828 0.009732 0.004154 0.009129 
0.001741 0.685687 0.009367 0.024917 0.017079 0.016553 0.012056 0.010473 0.024804 0.016451 0.015847 0.01305 0.88522 0.012488 0.248771 0.004305 0.014809 0.007686 0.014139 0.01051 0.004395 0.029798 0.042107 0.01303 0.569268 0.014519 0.009923 0.016506 
7.58E-4 0.451875 0.005354 0.227661 0.007057 0.026151 0.012403 0.001347 0.008655 0.002293 0.003245 0.004386 0.16869 0.025079 0.506795 0.001469 0.003425 0.002077 0.003331 0.002164 0.001036 0.027636 0.015865 0.05015 0.740905 0.003572 0.002481 0.004836 
0.001922 0.492313 0.01102 0.02985 0.009337 0.021747 0.020346 0.007315 0.011617 0.013216 0.011361 0.005799 0.213022 0.021041 0.925736 0.003391 0.010746 0.0038 0.005656 0.004334 0.002696 0.066495 0.030901 0.028662 0.759783 0.00522 0.004603 0.008424 
6.17E-4 0.922685 0.002915 0.033646 0.065625 0.106147 0.003708 0.001671 0.054405 0.007068 0.003811 0.011522 0.513563 0.004285 0.308971 9.48E-4 0.003277 0.002243 0.005523 0.002954 7.66E-4 0.091597 0.046338 0.007323 0.496537 0.009809 0.003948 0.013208 
0.008785 0.122624 0.00693 0.043351 0.006597 0.00838 0.01147 0.002771 0.011497 0.005314 0.004681 0.00758 0.399067 0.011413 0.411308 0.0027 0.003286 0.002752 0.003572 0.00904 0.001764 0.08022 0.02704 0.051073 0.735733 0.010034 0.009254 0.013906 
0.001669 0.229701 0.008244 0.012627 0.026109 0.01481 0.011347 0.004499 0.027209 0.015547 0.007556 0.011177 0.28182 0.012862 0.651997 0.003188 0.012873 0.005384 0.008376 0.007958 0.003982 0.041478 0.0125 0.021658 0.228432 0.010394 0.006213 0.012851 
0.008358 0.084905 0.006301 0.063202 0.009674 0.01433 0.011362 0.003856 0.010446 0.009354 0.007898 0.008532 0.553483 0.009494 0.703004 0.002647 0.00253 0.004079 0.004277 0.008514 0.001662 0.028719 0.0216 0.058029 0.226653 0.009681 0.008773 0.013011 
0.001233 0.189011 0.007204 0.03137 0.059028 0.101832 0.010624 0.001167 0.041138 0.00482 0.003714 0.015742 0.049469 0.00822 0.107935 0.002407 0.00417 0.00388 0.005156 0.003509 0.001179 0.108896 0.050561 0.01403 0.975707 0.011915 0.0052 0.011243 
0.001182 0.879866 0.003739 0.011684 0.05068 0.020275 0.00581 0.001402 0.074193 0.003009 0.00636 0.013492 0.433369 0.004638 0.585182 9.52E-4 0.003467 0.004889 0.008534 0.006953 0.001275 0.011084 0.055967 0.014276 0.593421 0.0227 0.01269 0.013525 
1.59E-4 0.708705 0.00155 0.065601 0.007613 0.012583 0.004243 6.57E-4 0.005048 0.002289 0.001969 0.003141 0.809914 0.004567 0.912875 7.09E-4 0.004094 8.6E-4 0.001153 0.001122 2.43E-4 0.035679 0.131392 0.013401 0.113566 0.003286 0.001066 0.002378 
0.00144 0.118308 0.004369 0.099446 0.005466 0.00776 0.01181 0.005327 0.007918 0.012696 0.004584 0.003733 0.94602 0.014502 0.516432 0.002992 0.005802 0.001922 0.003454 0.002915 0.002014 0.069998 0.057091 0.016161 0.604314 0.003808 0.00193 0.004245 
8.36E-4 0.741502 0.006093 0.085164 0.011253 0.02237 0.009664 0.01161 0.01579 0.026901 0.009385 0.006489 0.808613 0.011809 0.174118 0.001721 0.006774 0.002907 0.003918 0.003411 0.001541 0.028194 0.014005 0.037965 0.944331 0.007141 0.002692 0.006822 
0.001195 0.666326 0.004504 0.075685 0.006118 0.033004 0.008054 0.004907 0.006416 0.008537 0.006255 0.006336 0.559678 0.007574 0.193202 0.001642 0.007289 0.003086 0.005595 0.002952 0.001516 0.081404 0.035141 0.049048 0.175239 0.006062 0.004931 0.006791 
6.16E-4 0.901348 0.005476 0.008037 0.013859 0.005802 0.006828 0.001629 0.013989 0.003193 0.003688 0.008333 0.961965 0.005403 0.036114 0.003033 0.005081 0.002502 0.003505 0.003649 0.00119 0.14285 0.015541 0.013238 0.108436 0.007368 0.003824 0.004883 
5.9E-4 0.548251 0.002938 0.008045 0.005853 0.012903 0.003007 0.002479 0.010006 0.006439 0.003486 0.002819 0.729372 0.003638 0.903098 0.001566 0.009337 0.001402 0.002287 0.0015 0.001067 0.012896 0.108012 0.00623 0.16689 0.002515 0.001334 0.004769 
0.001099 0.087822 0.00444 0.097847 0.032313 0.028587 0.005846 0.001379 0.034847 0.004037 0.005506 0.015868 0.216647 0.006593 0.557067 0.001571 0.008741 0.003875 0.007655 0.004095 0.001362 0.022226 0.016444 0.01585 0.032336 0.012193 0.006363 0.011016 
8.12E-4 0.380642 0.005332 0.129022 0.015349 0.016544 0.005425 0.003429 0.018337 0.006918 0.007588 0.006051 0.413238 0.007829 0.241286 0.001894 0.011572 0.002533 0.005898 0.003027 0.002027 0.016567 0.023956 0.013443 0.262861 0.007536 0.002898 0.02009 
0.001078 0.169198 0.00617 0.038434 0.006341 0.050615 0.009051 0.007489 0.00622 0.015886 0.012639 0.006237 0.119675 0.008608 0.159869 0.002469 0.006188 0.003841 0.004178 0.003759 0.001455 0.039403 0.047382 0.032433 0.488486 0.003985 0.004578 0.005597 
0.001637 0.990511 0.00758 0.019854 0.041455 0.012214 0.013714 0.002671 0.031396 0.009255 0.00678 0.018645 0.811317 0.013185 0.064641 0.003513 0.009343 0.007782 0.008025 0.006195 0.001744 0.064832 0.022629 0.023323 0.696569 0.024001 0.006833 0.012752 
6.57E-4 0.72918 0.002318 0.005191 0.002751 0.005552 0.001246 0.001782 0.003382 0.003585 0.002641 0.002599 0.465403 0.001685 0.218193 0.001725 0.011953 0.001501 0.001716 0.001384 7.94E-4 0.011365 0.050858 0.002144 0.903069 0.002608 0.001639 0.00227 
0.001324 0.933592 0.003117 0.027528 0.017315 0.0055 0.004483 0.004089 0.023268 0.019224 0.004892 0.0097 0.992175 0.005062 0.887637 0.002079 0.021352 0.004934 0.005144 0.004982 0.003755 0.020348 0.030667 0.009036 0.639031 0.007112 0.004677 0.007566 
6.94E-4 0.068582 0.002918 0.046515 0.010528 0.117306 0.004363 0.011746 0.007537 0.081065 0.015289 0.005541 0.650812 0.005499 0.635883 0.001162 0.002459 0.002812 0.0029 0.00297 9.87E-4 0.004932 0.01561 0.04602 0.203299 0.005542 0.002616 0.00432 
0.001473 0.010177 0.005279 0.023072 0.018454 0.017894 0.00875 0.007544 0.017838 0.013467 0.011892 0.013314 0.008915 0.008783 0.035591 0.002078 0.011725 0.004032 0.008865 0.00561 0.001583 0.036328 0.035155 0.015088 0.095447 0.010704 0.006335 0.011464 
0.001094 0.161021 0.015466 0.02614 0.013249 0.018664 0.023542 0.004927 0.014659 0.012152 0.010404 0.007682 0.383944 0.023788 0.480372 0.004392 0.009764 0.003585 0.006316 0.004092 0.001655 0.047725 0.066823 0.029154 0.375332 0.006434 0.004147 0.010043 
0.001117 0.242603 0.004937 0.017752 0.010787 0.012403 0.011198 0.005299 0.013391 0.012066 0.008795 0.006186 0.592667 0.010904 0.287085 0.002119 0.018127 0.002373 0.004694 0.003758 0.001637 0.046766 0.030712 0.018108 0.350014 0.004834 0.00291 0.008216 
6.48E-4 0.382041 0.003973 0.038115 0.008172 0.039039 0.004967 0.018943 0.004097 0.124628 0.016955 0.004677 0.617271 0.005879 0.416922 0.001629 0.005524 0.002663 0.001389 0.003814 0.001406 0.00986 0.008807 0.036494 0.680236 0.005841 0.002176 0.001427 
9.68E-4 0.445656 0.0026 0.014053 0.057719 0.008439 0.004878 0.002149 0.073041 0.002409 0.007615 0.01458 0.987488 0.004126 0.483295 8.39E-4 0.004704 0.003906 0.007906 0.005712 0.001332 0.019852 0.038184 0.016783 0.303852 0.022693 0.012169 0.011015 
0.00124 0.912219 0.0034 0.010552 0.050096 0.011818 0.005813 0.001116 0.058104 0.002618 0.005104 0.00949 0.15821 0.004314 0.767215 7.02E-4 0.005701 0.005 0.005105 0.006714 0.001666 0.017327 0.058052 0.029411 0.204236 0.017079 0.009383 0.00814 
0.001618 0.800523 0.005003 0.014757 0.012888 0.006651 0.006491 0.003318 0.009523 0.005787 0.006156 0.008116 0.700825 0.006506 0.354506 0.003964 0.009713 0.00433 0.006245 0.00565 0.003184 0.03074 0.014496 0.009871 0.841086 0.008803 0.005839 0.007912 
0.001217 0.791879 0.006981 0.023216 0.012751 0.037254 0.008033 0.007835 0.017983 0.022675 0.013665 0.012649 0.429915 0.008776 0.738377 0.004163 0.007872 0.005627 0.010771 0.006924 0.002846 0.021805 0.025662 0.009283 0.390431 0.010082 0.006674 0.013627 
7.59E-4 0.10704 0.002545 0.011901 0.068046 0.020683 0.003791 0.001319 0.050025 0.002205 0.005636 0.012807 0.944029 0.002787 0.566621 8.44E-4 0.003192 0.004211 0.006907 0.005896 0.001295 0.014282 0.052375 0.021511 0.782968 0.025888 0.011531 0.010553 
1.92E-4 0.073362 0.002409 0.062882 0.014226 0.022219 0.006124 0.001242 0.009704 0.002599 0.002617 0.005098 0.538526 0.006862 0.492639 7.4E-4 0.002589 9.84E-4 0.002075 0.001301 3.1E-4 0.011383 0.091725 0.029835 0.925858 0.005234 0.001779 0.003448 
0.001399 0.934709 0.007477 0.14628 0.006865 0.008918 0.023227 0.001157 0.008334 0.002185 0.004549 0.006903 0.004335 0.051687 0.89971 0.001902 0.003886 0.004138 0.004407 0.004434 0.002068 0.071427 0.017742 0.022699 0.743221 0.006741 0.00427 0.005797 
4.14E-4 0.523313 0.00467 0.029747 0.013733 0.031095 0.008797 0.001337 0.010915 0.003567 0.003592 0.004631 0.059031 0.008283 0.03027 0.001803 0.008402 0.001223 0.002523 0.001938 8.06E-4 0.035757 0.102325 0.031906 0.540204 0.004439 0.002059 0.004257 
0.002614 0.402952 0.010082 0.022913 0.019498 0.023984 0.015401 0.008346 0.021335 0.015096 0.016598 0.012132 0.825965 0.015577 0.743706 0.003645 0.008861 0.005612 0.011422 0.004928 0.00197 0.080139 0.043804 0.025049 0.651368 0.009899 0.008617 0.015612 
0.002484 0.819509 0.004393 0.016973 0.032456 0.017934 0.006649 0.008484 0.030886 0.016856 0.011038 0.020027 0.033692 0.009578 0.6843 0.002218 0.023062 0.009694 0.011948 0.015644 0.006586 0.025738 0.019159 0.008965 0.895118 0.01967 0.00996 0.017726 
8.79E-4 0.683189 0.00377 0.026969 0.068093 0.172953 0.005425 0.002851 0.041844 0.013944 0.004015 0.019392 0.232982 0.005043 0.005834 0.001455 0.004502 0.003777 0.006671 0.004988 0.00105 0.084508 0.037016 0.006382 0.940337 0.014269 0.007071 0.011699 
0.002002 0.001358 0.007015 0.062303 0.006204 0.033436 0.005979 0.003945 0.006404 0.010185 0.008389 0.005999 0.541354 0.006124 0.022799 0.003168 0.011458 0.004611 0.004613 0.004751 0.002703 0.052608 0.026643 0.015903 0.260727 0.006961 0.003539 0.00586 
0.001803 0.862057 0.006945 0.03268 0.02167 0.011116 0.011283 0.003206 0.015655 0.00701 0.00631 0.016489 0.475786 0.011245 0.827209 0.002839 0.00926 0.006415 0.00702 0.007741 0.002728 0.039545 0.029635 0.016051 0.203699 0.014318 0.006667 0.008325 
4.14E-4 0.450883 0.001342 0.004659 0.00421 0.005871 8.07E-4 0.001163 0.006504 0.002616 0.002142 0.002217 0.459642 9.82E-4 0.872236 9.96E-4 0.009918 0.001006 0.00178 0.001285 5.89E-4 0.010822 0.093805 0.002067 0.70085 0.002069 0.001295 0.002853 
9.68E-4 0.436752 0.002064 0.006721 0.007867 0.006314 0.002307 0.001785 0.011226 0.003071 0.002656 0.004464 0.951107 0.002551 0.126099 0.001059 0.010671 0.001771 0.002472 0.002302 9.15E-4 0.022784 0.0941 0.005485 0.823817 0.004741 0.002176 0.004791 
0.001573 0.570892 0.011513 0.024069 0.019217 0.011025 0.017454 0.007247 0.021014 0.015851 0.007737 0.012713 0.199134 0.019842 0.178699 0.005076 0.012829 0.005084 0.008117 0.007266 0.003702 0.049607 0.024718 0.031943 0.169839 0.011442 0.007251 0.01135 
0.001251 0.262219 0.00267 0.026079 0.060532 0.142189 0.005149 0.002417 0.040689 0.011912 0.003496 0.016908 0.539311 0.006875 0.440876 8.43E-4 0.003714 0.004104 0.005564 0.005792 0.001577 0.065638 0.058883 0.007022 0.06095 0.012706 0.005595 0.011857 
0.001394 0.02725 0.002227 0.079003 0.014336 0.02832 0.00595 0.004209 0.017607 0.006162 0.006335 0.009197 0.442935 0.011845 0.519917 7.04E-4 0.008349 0.003586 0.007828 0.003374 0.002312 0.036237 0.022977 0.020312 0.203592 0.009758 0.00485 0.011861 
6.39E-4 0.35038 0.004889 0.095486 0.009723 0.025895 0.005832 0.003988 0.01611 0.006982 0.006945 0.004804 0.565911 0.008832 0.905331 0.001898 0.012626 0.002717 0.004644 0.003326 0.001491 0.041803 0.019337 0.013748 0.145806 0.006649 0.002821 0.013268 
0.00192 0.314062 0.010883 0.018156 0.013874 0.012117 0.015501 0.003524 0.011524 0.005924 0.005542 0.010809 0.871322 0.014042 0.408869 0.002943 0.013582 0.004618 0.005874 0.006983 0.003557 0.024074 0.037028 0.021324 0.310679 0.0099 0.004858 0.007238 
4.35E-4 0.092069 0.002732 0.027139 0.016106 0.176094 0.00545 0.006817 0.015522 0.048215 0.005172 0.00997 0.399263 0.002833 0.339757 0.002814 0.003964 0.001664 0.003757 0.00268 6.59E-4 0.024257 0.024693 0.015955 0.278267 0.006622 0.002799 0.007235 
7.52E-4 0.60295 0.00346 0.018191 0.010643 0.215165 0.003738 0.006763 0.010368 0.043325 0.004584 0.004658 0.40122 0.002476 0.457754 0.002256 0.006094 0.001673 0.002091 0.002296 0.001411 0.018611 0.02451 0.006712 0.058109 0.003874 0.001816 0.003231 
0.003422 0.842388 0.0089 0.031055 0.013068 0.012269 0.011451 0.004538 0.018826 0.008131 0.014519 0.015999 0.986852 0.011334 0.469105 0.003639 0.009694 0.010839 0.013799 0.010323 0.004197 0.074326 0.02381 0.01132 0.793878 0.013755 0.011229 0.02236 
0.003635 0.575135 0.0046 0.019002 0.021173 0.015692 0.007586 0.008963 0.024258 0.012007 0.010157 0.018435 0.275196 0.008663 0.143951 0.002258 0.019081 0.009143 0.012207 0.011551 0.0102 0.022859 0.066344 0.013777 0.356787 0.013907 0.008908 0.013793 
0.001291 0.064932 0.005002 0.022981 0.02184 0.011775 0.008837 0.004328 0.021348 0.008014 0.007379 0.012672 0.375052 0.008983 0.81378 0.002626 0.01008 0.004843 0.007066 0.006528 0.002388 0.044563 0.03371 0.009888 0.203504 0.011753 0.005768 0.010799 
0.003722 0.202747 0.005729 0.016828 0.024177 0.023604 0.007822 0.011215 0.025821 0.018322 0.020061 0.021104 0.525073 0.008182 0.025692 0.003305 0.015009 0.014416 0.019245 0.014919 0.008375 0.026578 0.038175 0.010414 0.957514 0.020017 0.015081 0.020019 
0.001536 0.98974 0.011676 0.025465 0.017363 0.01825 0.016151 0.008229 0.021921 0.015153 0.011808 0.011995 0.169238 0.01761 0.331958 0.005768 0.016835 0.005917 0.010468 0.00659 0.005346 0.054401 0.025763 0.019887 0.032633 0.010991 0.007778 0.013421 
0.001144 0.421069 0.003097 0.037125 0.084521 0.008678 0.003614 0.001489 0.068799 0.002946 0.005171 0.01422 0.917057 0.00279 0.728611 8.12E-4 0.003993 0.004356 0.009863 0.00499 0.001245 0.019195 0.047045 0.015223 0.174155 0.020544 0.013776 0.013372 
1.89E-4 0.935976 0.002612 0.048388 0.015152 0.021705 0.004565 7.61E-4 0.010263 0.001912 0.00173 0.005284 0.21517 0.003296 0.684908 0.001204 0.002528 0.001158 0.001826 0.001323 3.26E-4 0.01958 0.096165 0.021887 0.240424 0.004546 0.001759 0.002743 
0.001827 0.974191 0.011006 0.026035 0.039589 0.017482 0.01817 0.005153 0.032703 0.009326 0.012087 0.014256 0.693843 0.017076 0.396419 0.005477 0.009493 0.005271 0.008496 0.004133 0.001298 0.045506 0.021956 0.027885 0.297354 0.019024 0.007785 0.014389 
6.91E-4 0.980997 0.00267 0.037851 0.011401 0.072599 0.003943 0.012587 0.007364 0.107669 0.009851 0.006498 0.492855 0.005423 0.500273 0.001192 0.005043 0.003336 0.002647 0.00414 0.001294 0.011509 0.010129 0.044918 0.384582 0.007672 0.002883 0.003811 
0.001197 0.068134 0.005269 0.113986 0.014786 0.02767 0.006298 0.003817 0.017879 0.007801 0.008307 0.008216 0.504811 0.010603 0.652421 0.001902 0.005519 0.003452 0.005573 0.00314 0.001171 0.026664 0.01753 0.021304 0.671164 0.009175 0.003849 0.018737 
5.26E-4 0.346649 0.002649 0.022105 0.010701 0.093947 0.003635 0.01774 0.009272 0.156462 0.014495 0.005578 0.199157 0.004894 0.198563 0.001192 0.003245 0.002593 0.001717 0.003016 0.001022 0.009897 0.007253 0.039215 0.863938 0.005778 0.002293 0.00328 
0.002144 0.74767 0.007647 0.029179 0.016444 0.015051 0.014413 0.004815 0.022569 0.008848 0.012848 0.011846 0.221057 0.014953 0.939274 0.00263 0.011708 0.007821 0.011017 0.00864 0.003001 0.040578 0.024478 0.023426 0.221653 0.010253 0.008343 0.015104 
0.002042 0.167561 0.010134 0.033142 0.017335 0.015767 0.015976 0.006039 0.025197 0.01114 0.015207 0.012699 0.333668 0.015554 0.047078 0.002872 0.009109 0.007172 0.010272 0.008258 0.00288 0.078161 0.017507 0.02231 0.355407 0.011882 0.007288 0.024295 
4.91E-4 0.778361 0.002981 0.007292 0.006277 0.00446 0.002344 0.001233 0.008979 0.002652 0.002899 0.002867 0.597655 0.002532 0.864673 0.002153 0.008991 9.48E-4 0.002444 8.64E-4 5.68E-4 0.019605 0.075725 0.004617 0.37937 0.002734 0.001531 0.004273 
0.001346 0.11087 0.002353 0.027052 0.009989 0.066877 0.003793 0.012665 0.007899 0.105009 0.011909 0.011453 0.77431 0.003098 0.817119 0.001111 0.005396 0.010781 0.006727 0.00797 9.21E-4 0.011022 0.014618 0.063728 0.342105 0.013213 0.010027 0.005687 
0.007223 0.89894 0.00587 0.127344 0.014022 0.011519 0.012888 0.00198 0.009747 0.005074 0.006991 0.008794 0.14234 0.01343 0.875033 0.002265 0.00586 0.003484 0.004791 0.007524 0.002095 0.071048 0.014804 0.052248 0.569111 0.008829 0.007888 0.011618 
5.43E-4 0.922358 0.00286 0.034884 0.019715 0.043456 0.005486 0.001814 0.011953 0.006114 0.006325 0.009994 0.884423 0.007272 0.380143 0.001059 0.005787 0.00253 0.003632 0.004074 0.001007 0.06262 0.053154 0.011261 0.118853 0.010186 0.003242 0.006214 
0.003256 0.6982 0.013524 0.024822 0.017636 0.014244 0.020389 0.005394 0.018423 0.010779 0.012237 0.011877 0.147817 0.019593 0.326388 0.00479 0.01224 0.008024 0.009058 0.007842 0.003234 0.032054 0.041812 0.026407 0.516271 0.013821 0.008376 0.012296 
8.31E-4 0.680395 0.006101 0.014563 0.021148 0.007792 0.007747 0.003285 0.016336 0.005799 0.005545 0.0119 0.954244 0.007476 0.047844 0.002912 0.005501 0.003463 0.006098 0.005107 0.001421 0.061763 0.012558 0.015559 0.456351 0.014452 0.007512 0.008135 
0.001512 0.355922 0.009685 0.015563 0.028506 0.014462 0.011794 0.007649 0.030917 0.019488 0.009836 0.014957 0.48838 0.013627 0.844081 0.005227 0.009957 0.004676 0.009718 0.007161 0.002745 0.034023 0.019746 0.023282 0.02124 0.013813 0.007042 0.015202 
0.001077 0.054189 0.003151 0.036622 0.006093 0.007316 0.005012 0.00293 0.014569 0.020565 0.003688 0.00411 0.331997 0.005669 0.02775 0.001678 0.022562 0.003034 0.002947 0.003891 0.003048 0.013787 0.01722 0.008813 0.511064 0.006114 0.002657 0.005039 
5.43E-4 0.881899 0.003567 0.0058 0.005173 0.006357 0.00211 0.001395 0.00831 0.004792 0.002615 0.003827 0.039268 0.001816 0.167812 0.001866 0.008389 0.001718 0.002909 0.001961 7.16E-4 0.009628 0.100148 0.003822 0.377159 0.00294 0.002021 0.004166 
0.001795 0.042253 0.005203 0.036467 0.011387 0.01751 0.008172 0.006115 0.016285 0.01632 0.018523 0.010415 0.504732 0.00871 0.800468 0.002672 0.009382 0.007376 0.011715 0.007875 0.00227 0.064669 0.028674 0.01248 0.833729 0.009988 0.007041 0.02658 
0.001794 0.125014 0.015433 0.015977 0.017692 0.009863 0.016865 0.004924 0.014253 0.006849 0.007434 0.009858 0.236129 0.018219 0.86199 0.007344 0.012477 0.004971 0.006315 0.007423 0.002562 0.041154 0.050005 0.016519 0.981176 0.010405 0.005476 0.009337 
3.53E-4 0.207157 0.00236 0.003678 0.004 0.002585 0.001516 8.92E-4 0.00491 0.001767 0.001648 0.002412 0.116288 0.001538 0.158914 0.001625 0.011319 9.51E-4 0.001754 8.39E-4 4.03E-4 0.007204 0.082034 0.002939 0.47223 0.002094 0.001291 0.002505 
0.001509 0.861008 0.004031 0.053746 0.019445 0.029566 0.008511 0.008874 0.021771 0.016534 0.015439 0.011282 0.162643 0.00965 0.954847 0.001848 0.009404 0.00536 0.00794 0.006671 0.00266 0.036194 0.015823 0.021921 0.77949 0.010892 0.006247 0.014438 

