0.003778 0.012736 0.008255 0.007717 0.020638 0.050964 0.009963 0.012583 0.017283 0.531254 0.007694 0.011119 0.121017 0.04641 0.800623 0.010074 0.007136 0.083986 0.006154 0.001745 0.007866 0.029111 0.027446 0.013065 0.007426 0.010018 0.017551 0.01054 0.006114 
0.00184 0.015957 0.00717 0.01876 0.021562 0.011972 0.025802 0.003385 0.025182 0.092398 0.005419 0.021586 0.010281 0.028307 0.237869 0.008328 0.009214 0.070214 0.006258 0.001507 0.020523 0.059686 0.040567 0.03685 0.010323 0.009908 0.010906 0.030076 0.010975 
0.009406 0.005408 0.012362 0.005693 0.084218 0.042124 0.007413 0.009369 0.014118 0.464628 0.011571 0.008089 0.021525 0.016771 0.430301 0.013699 0.006591 0.081623 0.007089 0.009807 0.008345 0.050721 0.021396 0.034409 0.007805 0.009591 0.008441 0.00849 0.010624 
0.001622 0.018622 0.002258 0.003505 0.023598 0.229239 0.00342 0.008048 0.071312 0.356706 0.004841 0.002833 0.021728 0.05173 0.752858 0.004125 0.004043 0.240905 0.003299 9.7E-4 0.013825 0.017985 0.025751 0.012097 0.007587 0.007514 0.005338 0.003543 0.010223 
9.15E-4 0.024136 0.007308 0.006041 0.020701 0.022044 0.012018 0.005378 0.007456 0.059642 0.007383 0.01334 0.00901 0.007711 0.268712 0.013624 0.003484 0.959381 0.008619 0.001624 0.005574 0.050905 0.01208 0.020259 0.01463 0.014191 0.010197 0.011636 0.02421 
6.42E-4 0.024438 0.006092 0.005742 0.086272 0.024547 0.007775 0.001997 0.020961 0.084971 0.003672 0.009042 0.005143 0.012348 0.068339 0.016976 0.003917 0.22664 0.003592 0.00103 0.007914 0.054225 0.028228 0.024305 0.006491 0.041251 0.007744 0.008442 0.012055 
0.001933 0.008967 0.003904 0.003476 0.105525 0.011391 0.009346 0.005435 0.026531 0.799185 0.004057 0.012213 0.016627 0.032528 0.049565 0.006155 0.006175 0.321473 0.003148 6.55E-4 0.007836 0.058346 0.044844 0.025369 0.005819 0.010974 0.013162 0.012216 0.005617 
3.67E-4 0.014088 0.00247 0.004274 0.023202 0.027186 0.009638 0.001376 0.03738 0.620278 0.002161 0.008876 0.00439 0.042167 0.746685 0.006281 0.001816 0.252854 0.001721 3.08E-4 0.005505 0.047463 0.097586 0.021469 0.005156 0.031175 0.00502 0.008708 0.005892 
0.001397 0.019102 0.004719 0.012307 0.023184 0.016085 0.017996 0.004949 0.0192 0.813591 0.00378 0.018303 0.011992 0.021981 0.628973 0.010043 0.009248 0.493882 0.004311 0.001987 0.013418 0.05509 0.024673 0.026024 0.01316 0.018991 0.014357 0.02059 0.008971 
3.19E-4 0.024842 0.003347 0.00348 0.029699 0.063024 0.004453 0.001249 0.027445 0.632869 0.002334 0.004597 0.003196 0.050749 0.688401 0.008478 0.004112 0.34932 0.003663 5.8E-4 0.005628 0.061982 0.046554 0.015945 0.010294 0.03323 0.008145 0.00514 0.005865 
5.23E-4 0.004714 0.003285 0.003645 0.007385 0.009835 0.003625 0.002868 0.024761 0.040156 0.002954 0.004066 0.004024 0.316729 0.233375 0.006322 0.013211 0.826199 0.001902 0.001146 0.007515 0.024941 0.112094 0.009107 0.003879 0.03635 0.036962 0.005292 0.005289 
0.001413 0.017067 0.004752 0.009733 0.01551 0.015951 0.01589 0.003905 0.01823 0.650508 0.007313 0.014561 0.010586 0.021082 0.72663 0.006896 0.006292 0.017173 0.005585 0.001235 0.011392 0.049322 0.027265 0.022923 0.018713 0.009319 0.008328 0.019486 0.018788 
2.06E-4 0.003016 0.002972 0.002028 0.003199 0.004619 8.13E-4 0.001341 0.037563 0.805838 0.001766 8.89E-4 0.001775 0.44133 0.531243 0.008918 0.018712 0.508787 0.001265 8.17E-4 0.005333 0.011559 0.086577 0.002032 0.002583 0.030358 0.045703 0.001612 0.003437 
0.001482 0.006591 0.001756 0.004312 0.259755 0.033111 0.007658 0.004405 0.013242 0.723596 0.005826 0.011991 0.027639 0.018724 0.382996 0.002407 0.003082 0.083582 0.002556 5.8E-4 0.005305 0.029987 0.048505 0.018544 0.004111 0.003453 0.00318 0.007955 0.007446 
0.003171 0.119552 0.002517 0.002419 0.010931 0.006663 0.003765 0.001061 0.009745 0.3939 0.003569 0.002484 0.001702 0.006993 0.980563 0.003249 0.002021 0.711735 0.006158 0.00236 0.004425 0.017784 0.033764 0.019733 0.022338 0.003678 0.001398 0.007469 0.01473 
8.31E-4 0.061863 0.005069 0.002414 0.025019 0.033473 0.003155 0.003599 0.039264 0.668896 0.003277 0.002886 0.019558 0.070208 0.831302 0.007887 0.021476 0.152538 0.004111 0.001607 0.005249 0.007775 0.013161 0.006172 0.005606 0.04253 0.082747 0.003424 0.006929 
3.39E-4 0.012691 0.002297 0.003425 0.031488 0.110832 0.004797 0.001494 0.021786 0.79104 0.00157 0.006845 0.010206 0.022917 0.654688 0.003674 0.003737 0.080281 0.001735 4.44E-4 0.004737 0.137177 0.036911 0.007047 0.005191 0.060436 0.00383 0.00426 0.008388 
0.001873 0.022341 0.009742 0.003257 0.049009 0.020196 0.01357 0.01122 0.004898 0.153069 0.007234 0.009806 0.035533 0.009771 0.073094 0.018561 0.003413 0.460648 0.00715 0.00181 0.004195 0.032597 0.007467 0.025233 0.008831 0.01981 0.014716 0.010654 0.010612 
5.25E-4 0.039948 0.006484 0.002987 0.024604 0.005771 0.003008 0.003288 0.016506 0.924772 0.002596 0.004097 0.025497 0.123646 0.642079 0.023087 0.016952 0.883615 0.002752 0.001809 0.004359 0.009352 0.011313 0.004635 0.004443 0.092541 0.069565 0.002995 0.005171 
8.45E-4 0.008323 0.002237 0.002244 0.034981 0.280721 0.005377 0.006381 0.050173 0.587571 0.004625 0.003796 0.016626 0.068475 0.877634 0.003416 0.006181 0.949706 0.002193 5.74E-4 0.007364 0.020981 0.039336 0.009086 0.003917 0.00523 0.010474 0.004204 0.010339 
0.001744 0.024749 0.003633 0.009632 0.019813 0.0171 0.018183 0.00611 0.014691 0.981729 0.006924 0.017073 0.015921 0.015028 0.849682 0.006711 0.005293 0.378823 0.007485 0.001471 0.009335 0.034818 0.021359 0.018796 0.021503 0.010646 0.00697 0.017909 0.017915 
9.69E-4 0.007924 0.003454 0.003124 0.09765 0.006324 0.004285 0.002498 0.032547 0.950758 0.00301 0.00614 0.006808 0.046477 0.394607 0.006318 0.003651 0.243873 0.004105 8.81E-4 0.005589 0.072198 0.054763 0.021256 0.005954 0.008466 0.012851 0.006125 0.006508 
0.001012 0.043387 0.004231 0.002326 0.019037 0.007846 0.003185 0.002144 0.023467 0.754537 0.002512 0.003435 0.018752 0.09182 0.558118 0.020839 0.016738 0.123861 0.006701 9.52E-4 0.004241 0.009761 0.008925 0.007316 0.010362 0.122986 0.067811 0.003334 0.005947 
0.001749 0.022063 0.006409 0.004516 0.020257 0.011535 0.008076 0.005282 0.008335 0.222188 0.005089 0.00918 0.010826 0.013977 0.999773 0.010776 0.00334 0.171364 0.006732 0.001169 0.00488 0.034271 0.030626 0.009256 0.010098 0.050764 0.009983 0.006829 0.009413 
7.99E-4 0.025363 0.003563 0.007231 0.023778 0.011724 0.010734 0.003677 0.010487 0.254008 0.002914 0.012263 0.014517 0.014659 0.431218 0.003812 0.007482 0.488988 0.005692 9.01E-4 0.008264 0.024444 0.015061 0.014947 0.011176 0.152978 0.006446 0.010356 0.004757 
0.001136 0.015511 0.005743 0.012391 0.025574 0.014627 0.018449 0.003515 0.018228 0.781085 0.006257 0.018164 0.011063 0.019828 0.203797 0.008774 0.010078 0.810615 0.005777 0.002569 0.01366 0.060725 0.023255 0.024387 0.01811 0.0131 0.012886 0.020007 0.011925 
0.001018 0.008059 0.002896 0.00407 0.126392 0.010723 0.006254 0.001787 0.017982 0.523948 0.004703 0.006849 0.006069 0.035538 0.925437 0.004313 0.00511 0.408063 0.003177 7.62E-4 0.006625 0.055966 0.048219 0.02691 0.005808 0.006455 0.01059 0.008579 0.007537 
0.00138 0.0165 0.002661 0.006088 0.030891 0.046536 0.00533 0.014602 0.023262 0.557293 0.003905 0.006473 0.098686 0.010772 0.850679 0.003534 0.00379 0.753201 0.003385 4.72E-4 0.01086 0.009426 0.011382 0.060412 0.005942 0.018155 0.004105 0.005211 0.003882 
0.010647 0.00637 0.013804 0.005435 0.136622 0.01088 0.01105 0.002041 0.006999 0.979657 0.013269 0.013106 0.008374 0.00413 0.398993 0.003685 0.002523 0.68672 0.007503 0.011368 0.008315 0.048317 0.006514 0.048161 0.008616 0.0039 0.003003 0.011454 0.012025 
0.001506 0.031659 0.00578 0.010125 0.019128 0.018166 0.013922 0.006441 0.014478 0.9382 0.007695 0.014457 0.014365 0.019901 0.620425 0.009126 0.00843 0.594194 0.007476 0.001526 0.010717 0.035993 0.019282 0.016211 0.023259 0.014361 0.009558 0.014935 0.016727 
0.001765 0.010405 0.007932 0.008478 0.02308 0.011712 0.009981 0.008648 0.018335 0.03146 0.007179 0.012191 0.010126 0.012509 0.835405 0.01166 0.009237 0.650459 0.006718 0.001381 0.011535 0.060763 0.01745 0.012816 0.008718 0.019837 0.011479 0.011795 0.022957 
0.00126 0.013074 0.002775 0.002162 0.018477 0.232056 0.00327 0.008601 0.037626 0.354623 0.003068 0.00282 0.029404 0.091346 0.775061 0.006092 0.003976 0.364401 0.003345 8.16E-4 0.006056 0.018597 0.024983 0.026628 0.005126 0.010473 0.010315 0.004247 0.006192 
0.00162 0.00859 0.006476 0.003845 0.074706 0.044994 0.004013 0.005378 0.029991 0.44274 0.004995 0.004643 0.008394 0.099937 0.311755 0.010788 0.004528 0.578572 0.005107 0.001526 0.007195 0.091313 0.026225 0.037986 0.006813 0.01102 0.010197 0.007791 0.005438 
0.001266 0.006712 0.002708 0.003257 0.019116 0.224842 0.004739 0.011729 0.046806 0.120912 0.00375 0.004034 0.035164 0.077746 0.915766 0.003357 0.005936 0.326245 0.001784 0.001194 0.008324 0.010843 0.019384 0.009303 0.003392 0.006187 0.007282 0.005562 0.008606 
0.001927 0.004492 0.00159 0.002996 0.098331 0.01474 0.006101 0.004246 0.020393 0.932303 0.004852 0.008551 0.012605 0.037237 0.687653 0.002578 0.004152 0.832513 0.001731 8.33E-4 0.005795 0.080171 0.041479 0.023257 0.005131 0.004756 0.007219 0.005699 0.006251 
8.96E-4 0.015498 0.004082 0.008848 0.078719 0.023377 0.017005 0.006877 0.018784 0.925838 0.004716 0.017718 0.022005 0.015601 0.575078 0.006872 0.004942 0.355828 0.004605 8.43E-4 0.013465 0.046984 0.023084 0.050136 0.007885 0.012418 0.010649 0.015583 0.008859 
0.001549 0.022226 0.006773 0.0077 0.02503 0.017064 0.013093 0.008343 0.012534 0.131831 0.005659 0.014426 0.032616 0.012402 0.123501 0.010157 0.005406 0.908526 0.008085 0.00124 0.009173 0.044661 0.021792 0.023915 0.016446 0.01708 0.010337 0.014468 0.009967 
0.0015 0.004772 0.002274 0.005252 0.049128 0.03695 0.007387 0.005321 0.057264 0.531127 0.005035 0.007325 0.010612 0.141137 0.001463 0.004248 0.004391 0.665325 0.001988 9.93E-4 0.010871 0.088701 0.043835 0.026725 0.003726 0.010986 0.00516 0.014745 0.00378 
0.010265 0.007559 0.013904 0.00571 0.077104 0.021112 0.009369 0.006038 0.015137 0.28023 0.013174 0.00892 0.012995 0.011427 0.985246 0.005707 0.005299 0.65803 0.007188 0.010898 0.011311 0.061695 0.023326 0.038865 0.008223 0.006067 0.006399 0.011879 0.011794 
0.001172 0.023615 0.005296 0.003104 0.023573 0.054923 0.004158 0.004739 0.021608 0.798142 0.005582 0.004171 0.018171 0.098373 0.795642 0.012954 0.014338 0.241937 0.003582 0.00217 0.00399 0.015591 0.012173 0.007975 0.004372 0.078535 0.049641 0.00511 0.008109 
0.001192 0.030382 0.008134 0.003592 0.019274 0.009935 0.005006 0.003938 0.010574 0.374346 0.005 0.005719 0.009756 0.01128 0.901496 0.016757 0.005931 0.741629 0.006962 0.001438 0.00647 0.059339 0.017462 0.00781 0.012598 0.062636 0.011813 0.005619 0.010058 
0.009253 0.009157 0.013391 0.005338 0.081323 0.014788 0.010615 0.004331 0.012173 0.91189 0.012335 0.012499 0.008843 0.010644 0.014854 0.006068 0.003082 0.959609 0.006193 0.010295 0.007799 0.063835 0.019498 0.04851 0.007362 0.007022 0.007531 0.011067 0.010923 
3.81E-4 0.014292 0.002478 0.006384 0.01026 0.012588 0.007931 0.002611 0.013725 0.318791 0.004333 0.008259 0.008241 0.009744 0.533 0.003969 0.0074 0.535117 0.002711 9.46E-4 0.009307 0.031204 0.014171 0.0148 0.00455 0.17136 0.012965 0.009586 0.008787 
0.001332 0.05053 0.005383 0.006803 0.078207 0.020295 0.007546 0.002887 0.018132 0.864255 0.004637 0.009882 0.007328 0.00896 0.036878 0.01147 0.005087 0.109361 0.003032 0.001144 0.008936 0.023386 0.023738 0.018815 0.008285 0.025355 0.006822 0.009837 0.021803 
0.00145 0.009283 0.003287 0.002554 0.109842 0.012204 0.004122 0.002722 0.014517 0.73948 0.003994 0.007766 0.008122 0.034125 0.52474 0.003553 0.003176 0.346502 0.003589 8.91E-4 0.003551 0.099225 0.04353 0.016699 0.009824 0.006712 0.007979 0.00426 0.008785 
7.83E-4 0.018583 0.009506 0.009037 0.015446 0.011722 0.009244 0.005157 0.019551 0.187383 0.008088 0.010317 0.010324 0.012297 0.53169 0.015506 0.007323 0.806096 0.011301 0.001227 0.013138 0.054132 0.024704 0.014085 0.010933 0.016162 0.012788 0.011313 0.021359 
0.002578 0.018811 0.010645 0.008586 0.021597 0.019665 0.016443 0.007983 0.011506 0.886564 0.00981 0.018061 0.019731 0.016934 0.446801 0.014513 0.004479 0.74849 0.009646 0.001609 0.008384 0.056785 0.026618 0.028969 0.011326 0.020033 0.01001 0.016198 0.012349 
0.001189 0.015937 0.006945 0.006421 0.046847 0.016614 0.010316 0.006188 0.017504 0.786201 0.008631 0.012567 0.016841 0.012836 0.72309 0.012375 0.005758 0.342871 0.00937 0.001321 0.008175 0.043088 0.025459 0.016112 0.013514 0.016612 0.009491 0.010217 0.017859 
0.012334 0.007348 0.016071 0.006426 0.074664 0.023372 0.011348 0.007077 0.026354 0.472123 0.014983 0.014147 0.011931 0.009882 0.645072 0.003804 0.003922 0.743675 0.008778 0.012907 0.01279 0.036653 0.016821 0.028978 0.009952 0.003343 0.003628 0.012127 0.01372 
2.88E-4 0.0081 0.002236 0.006924 0.155295 0.016231 0.020895 0.001258 0.01303 0.399094 0.002134 0.046445 0.014908 0.014932 0.887883 0.003116 0.002115 0.650474 0.003162 5.86E-4 0.00735 0.091074 0.02185 0.01885 0.005198 0.005206 0.002297 0.015341 0.004902 
0.001498 0.020824 0.004799 0.003969 0.024334 0.080814 0.004426 0.013336 0.008626 0.686182 0.00566 0.004237 0.069424 0.008757 0.376689 0.007491 0.002114 0.908439 0.005245 7.3E-4 0.004606 0.008069 0.012713 0.043476 0.007746 0.023199 0.007378 0.006699 0.004557 
0.001357 0.043166 0.006974 0.003357 0.01856 0.011548 0.005502 0.003826 0.024079 0.144527 0.002913 0.00538 0.026853 0.076724 0.370486 0.022799 0.011507 0.614904 0.004811 0.00149 0.004217 0.013049 0.024174 0.007546 0.008386 0.095946 0.072547 0.005234 0.006592 
2.43E-4 0.008157 0.00257 0.008768 0.124123 0.007367 0.023547 0.001414 0.017117 0.522232 0.002106 0.044325 0.014583 0.014118 0.433423 0.003255 0.002647 0.584201 0.003542 4.2E-4 0.007659 0.081439 0.025879 0.023179 0.005033 0.004703 0.003264 0.019613 0.004348 
0.002067 0.028881 0.007375 0.008161 0.020823 0.020902 0.009961 0.005141 0.014098 0.749848 0.005973 0.009776 0.008715 0.013499 0.40732 0.0108 0.005826 0.512087 0.007977 0.002521 0.009592 0.071074 0.021066 0.018463 0.021222 0.014588 0.008927 0.014162 0.012751 
0.001415 0.004612 0.00148 0.004908 0.12509 0.009096 0.005314 0.003114 0.019423 0.068028 0.004233 0.005995 0.011673 0.045681 0.968546 0.00271 0.004197 0.595336 0.001737 4.78E-4 0.007383 0.086037 0.035193 0.026862 0.003132 0.004016 0.006655 0.006665 0.006909 
8.74E-4 0.026005 0.002772 0.005042 0.024533 0.123853 0.007793 0.002457 0.012806 0.441589 0.003599 0.008275 0.009638 0.011684 0.446216 0.004007 0.003252 0.57183 0.004794 4.89E-4 0.005859 0.060597 0.052107 0.012402 0.012736 0.045787 0.003245 0.008033 0.013306 
0.002205 0.011385 0.002154 0.002658 0.019419 0.155533 0.003477 0.011555 0.064605 0.371723 0.0051 0.00289 0.024908 0.112702 0.828215 0.003811 0.005878 0.084649 0.00232 0.001154 0.010729 0.021277 0.029925 0.014566 0.004021 0.005448 0.009319 0.003416 0.005248 
0.001284 0.014154 0.010233 0.008015 0.01821 0.013599 0.0114 0.005658 0.020637 0.910536 0.005492 0.013475 0.030996 0.019009 0.206431 0.015292 0.006676 0.407619 0.00651 0.001921 0.010872 0.050011 0.017163 0.019479 0.010529 0.016544 0.015134 0.011809 0.009695 
0.004107 0.110327 0.002285 0.004072 0.012941 0.013014 0.00655 0.001484 0.020294 0.562879 0.002858 0.004467 0.003024 0.009847 0.176661 0.00409 0.003 0.858297 0.003443 0.00281 0.008139 0.01273 0.078414 0.022409 0.018473 0.004836 0.00304 0.009469 0.010373 
8.22E-4 0.020059 0.002042 0.00461 0.032277 0.107903 0.006212 0.002618 0.010575 0.347186 0.003765 0.006635 0.00755 0.015234 0.253718 0.003798 0.002582 0.458974 0.003543 4.8E-4 0.004412 0.151055 0.046355 0.007086 0.008799 0.047751 0.004046 0.006351 0.011434 
0.002733 0.010244 0.009811 0.010387 0.032184 0.038718 0.018058 0.008634 0.018547 0.020618 0.005425 0.020223 0.02235 0.024592 0.681479 0.011877 0.007274 0.581491 0.007858 0.002049 0.012067 0.047324 0.035029 0.026005 0.007966 0.014752 0.012338 0.020167 0.008419 
0.001303 0.008933 0.005861 0.008275 0.044186 0.023957 0.010026 0.00468 0.061158 0.744558 0.005153 0.010082 0.009746 0.106272 0.842178 0.007981 0.006323 0.913814 0.005065 0.001475 0.017559 0.048515 0.037404 0.02079 0.006002 0.009246 0.011647 0.018402 0.006128 
0.002358 0.020583 0.004188 0.004227 0.086613 0.029873 0.008885 0.015194 0.009685 0.637306 0.007066 0.010308 0.021363 0.010495 0.073842 0.007415 0.00305 0.718181 0.003794 0.00112 0.005411 0.033714 0.012549 0.045505 0.007453 0.010716 0.008606 0.012525 0.009304 
0.001311 0.025333 0.002083 0.019814 0.025281 0.046649 0.014019 0.012906 0.022069 0.276345 0.007353 0.013013 0.063035 0.006093 0.622324 0.002911 0.008849 0.429302 0.006892 3.86E-4 0.021814 0.008617 0.008357 0.033272 0.012009 0.018812 0.002452 0.015301 0.007417 
0.001117 0.045462 0.004398 0.005276 0.110308 0.02306 0.007544 0.002498 0.01616 0.077343 0.002933 0.011514 0.007845 0.009133 0.338535 0.009445 0.003931 0.180591 0.003444 7.02E-4 0.007409 0.018152 0.031275 0.016019 0.007894 0.021728 0.006156 0.008855 0.01273 
0.003406 0.068819 0.001582 0.003714 0.022679 0.004787 0.003925 0.001546 0.018243 0.397228 0.001403 0.003677 0.003386 0.004054 0.479419 0.002858 0.002347 0.29086 0.003781 0.00283 0.006694 0.016645 0.060118 0.017298 0.016801 0.00322 0.001675 0.007665 0.007723 
0.001262 0.016889 0.007351 0.007775 0.031537 0.012588 0.010713 0.007019 0.01185 0.048602 0.006695 0.01193 0.017592 0.010519 0.169242 0.010753 0.004467 0.26844 0.007686 0.001335 0.008083 0.0538 0.0168 0.019543 0.010082 0.012494 0.010673 0.012009 0.011291 
0.002995 0.015384 0.012058 0.006503 0.019522 0.037242 0.009056 0.016563 0.014644 0.206037 0.010503 0.009442 0.084743 0.04778 0.768245 0.012501 0.008282 0.858312 0.00787 0.003493 0.006561 0.024533 0.02387 0.011535 0.010322 0.014501 0.015366 0.008696 0.007707 
4.44E-4 0.007589 0.00321 0.007824 0.128947 0.017013 0.02219 0.001527 0.012341 0.501903 0.003014 0.059056 0.022352 0.014279 0.425497 0.003986 0.001607 0.183528 0.003432 4.98E-4 0.006497 0.049909 0.020423 0.022481 0.005406 0.004949 0.003956 0.014942 0.006419 
5.95E-4 0.016543 0.001853 0.003303 0.02526 0.111723 0.004804 0.002319 0.013808 0.953813 0.002395 0.007552 0.009383 0.022557 0.073596 0.003484 0.002144 0.691191 0.003454 4.27E-4 0.004141 0.166012 0.03867 0.006515 0.008078 0.067696 0.002555 0.005166 0.009111 
0.001765 0.014593 0.008721 0.011818 0.029068 0.022438 0.016633 0.005433 0.024876 0.229469 0.007644 0.019591 0.018344 0.021618 0.085552 0.01398 0.0092 0.860827 0.005726 0.002177 0.014541 0.051428 0.045439 0.021497 0.009235 0.020382 0.014081 0.016959 0.01292 
9.28E-4 0.015406 0.005264 0.005141 0.10022 0.006821 0.006029 0.003497 0.027566 0.951907 0.002664 0.009947 0.012517 0.053522 0.076273 0.006043 0.003865 0.804069 0.007828 8.74E-4 0.007508 0.053076 0.072443 0.016151 0.010251 0.011125 0.0121 0.006271 0.00393 
0.001371 0.020278 0.004126 0.004153 0.098883 0.030853 0.008096 0.009202 0.015544 0.637151 0.004975 0.009892 0.046679 0.011635 0.651269 0.008685 0.004731 0.179915 0.0039 0.001596 0.007388 0.031041 0.021618 0.019573 0.00801 0.013183 0.01008 0.011464 0.007334 
0.013911 0.007035 0.018144 0.008324 0.057812 0.020067 0.01354 0.00348 0.020148 0.219901 0.017114 0.011684 0.008433 0.016288 0.354081 0.006185 0.005058 0.111923 0.010498 0.014829 0.011826 0.056472 0.026559 0.066837 0.011583 0.007305 0.010528 0.017481 0.015813 
5.56E-4 0.007292 0.00329 0.00558 0.154611 0.025701 0.014464 0.00331 0.012431 0.607416 0.002117 0.030139 0.021057 0.019848 0.588366 0.006243 0.003231 0.62288 0.002866 7.36E-4 0.005973 0.056243 0.025011 0.025165 0.004348 0.01232 0.006991 0.011102 0.004714 
0.004799 0.117175 0.004729 0.003147 0.013861 0.012002 0.004571 0.001082 0.014411 0.412804 0.002629 0.004132 0.00495 0.009063 0.014764 0.006369 0.002821 0.501415 0.008116 0.003746 0.004289 0.013788 0.058527 0.018894 0.019091 0.007318 0.003515 0.006198 0.007445 
0.001095 0.024305 0.011196 0.008811 0.016725 0.016301 0.011446 0.005752 0.01444 0.544418 0.007727 0.011413 0.019544 0.018432 0.874943 0.015503 0.006178 0.827804 0.009024 0.001736 0.009154 0.016338 0.021301 0.027015 0.015593 0.016842 0.01422 0.013081 0.016347 
0.005079 0.024372 0.009229 0.00729 0.021773 0.034325 0.009185 0.014463 0.018057 0.887861 0.012847 0.009871 0.026851 0.017578 0.842949 0.011641 0.008995 0.298815 0.013877 0.001882 0.011374 0.023805 0.034109 0.014336 0.021726 0.012359 0.011401 0.010793 0.018445 
0.001742 0.006591 0.004314 0.002699 0.090809 0.008621 0.003893 0.004383 0.023791 0.883737 0.005508 0.00957 0.008176 0.03318 0.387863 0.007889 0.00495 0.168832 0.00393 9.47E-4 0.004703 0.076175 0.059221 0.015845 0.004809 0.00815 0.012827 0.0042 0.008138 
0.001454 0.024 0.004351 0.00594 0.066386 0.038686 0.009851 0.011833 0.009736 0.236387 0.009058 0.011479 0.023839 0.009162 0.234303 0.007393 0.002873 0.958059 0.006236 8.72E-4 0.008747 0.037476 0.014331 0.030027 0.009431 0.01439 0.006052 0.010368 0.008243 
3.97E-4 0.021739 0.001931 0.005543 0.011 0.004806 0.00666 0.001355 0.009983 0.515375 0.001935 0.006359 0.005648 0.016213 0.544522 0.003308 0.004646 0.820996 0.004319 7.06E-4 0.007426 0.046408 0.013612 0.010843 0.006175 0.158483 0.005308 0.007718 0.004544 
5.32E-4 0.016796 0.001689 0.005751 0.023969 0.125243 0.007251 0.00201 0.016856 0.909139 0.002655 0.008701 0.010024 0.007715 0.845351 0.0024 0.002957 0.997041 0.004622 2.99E-4 0.006637 0.073538 0.034424 0.008931 0.012598 0.046716 0.001873 0.008194 0.014053 
0.001711 0.022632 0.003799 0.001719 0.021891 0.053315 0.002118 0.021048 0.016014 0.170625 0.005866 0.002938 0.121594 0.007772 0.399193 0.005406 0.002078 0.701328 0.003987 5.81E-4 0.00373 0.008618 0.010879 0.036921 0.006159 0.01632 0.005766 0.002402 0.002928 
5.43E-4 0.025273 0.002641 0.003772 0.005882 0.00639 0.003606 0.001951 0.00623 0.498228 0.002371 0.003823 0.004501 0.006573 0.277611 0.004397 0.005729 0.112462 0.003427 9.92E-4 0.004792 0.147527 0.006106 0.007225 0.00548 0.167293 0.011133 0.004416 0.004075 
7.05E-4 0.022157 0.004365 0.006969 0.018574 0.011877 0.009838 0.002519 0.013839 0.278211 0.002518 0.009787 0.010603 0.014212 0.072831 0.006582 0.007485 0.473031 0.003952 0.001211 0.009834 0.029905 0.019116 0.015673 0.009242 0.132502 0.010296 0.010329 0.006232 
0.00205 0.017934 0.002844 0.002045 0.035445 0.079097 0.002205 0.020957 0.012477 0.633983 0.00854 0.003349 0.10597 0.005224 0.229306 0.003204 0.002023 0.22731 0.001237 5.04E-4 0.00347 0.008273 0.008545 0.033223 0.002632 0.012829 0.003494 0.002616 0.002564 
7.03E-4 0.027733 0.004746 0.008192 0.116536 0.016795 0.011148 0.00237 0.036873 0.801172 0.003683 0.013067 0.004915 0.010563 0.678569 0.011624 0.004772 0.790645 0.002482 8.35E-4 0.01303 0.020465 0.019393 0.013584 0.007002 0.02473 0.006392 0.013794 0.012472 
0.001516 0.008157 0.004162 0.012078 0.038426 0.04289 0.011583 0.006741 0.059332 0.389193 0.008377 0.009107 0.010681 0.068386 0.740008 0.007231 0.007528 0.517541 0.005004 0.00103 0.019683 0.042071 0.033612 0.041477 0.007813 0.019983 0.005704 0.02219 0.010145 
0.001505 0.007029 0.003164 0.006416 0.059657 0.049997 0.0102 0.007667 0.029443 0.132039 0.007267 0.010989 0.008136 0.112114 0.452822 0.005465 0.005851 0.261176 0.003988 0.001128 0.010999 0.060531 0.064597 0.019339 0.005959 0.007739 0.006074 0.013019 0.006082 
0.002184 0.091135 0.002023 0.004568 0.023962 0.00406 0.006475 0.001121 0.017039 0.883962 0.002122 0.004769 0.002904 0.007139 0.196277 0.003218 0.001941 0.081253 0.004134 0.001421 0.006749 0.007335 0.059863 0.02253 0.020228 0.003355 0.001604 0.010106 0.010235 
5.71E-4 0.009386 0.003066 0.00427 0.269464 0.022375 0.012306 0.001857 0.00928 0.41377 0.002642 0.02467 0.016659 0.013609 0.502746 0.004587 0.001686 0.076979 0.002799 5.86E-4 0.004476 0.053145 0.031679 0.029463 0.004319 0.010233 0.003445 0.008844 0.003795 
6.16E-4 0.015655 0.003573 0.005528 0.012383 0.00724 0.006098 0.002693 0.009211 0.560857 0.003485 0.005871 0.007288 0.011529 0.494456 0.005286 0.006429 0.053832 0.003616 0.001385 0.00746 0.039865 0.01054 0.009857 0.005886 0.184247 0.009203 0.006868 0.006107 
0.001355 0.025017 0.006036 0.00437 0.05352 0.019799 0.011009 0.009051 0.012485 0.527883 0.004404 0.010775 0.032263 0.02197 0.032073 0.010937 0.003417 0.615288 0.005773 0.001935 0.006347 0.025558 0.026989 0.026553 0.007365 0.017836 0.011114 0.010194 0.008256 
5.22E-4 0.005096 0.003842 0.003317 0.006289 0.0087 0.002789 0.001638 0.031156 0.431462 0.00151 0.00311 0.00279 0.410276 0.337845 0.012245 0.01562 0.070221 0.001568 8.6E-4 0.008929 0.015246 0.094508 0.007701 0.003234 0.03343 0.032078 0.003469 0.003175 
6.88E-4 0.006449 0.00141 0.00552 0.266688 0.018358 0.014289 0.001773 0.011487 0.533163 0.002425 0.024066 0.023242 0.015531 0.954755 0.002248 0.001782 0.728444 0.002225 3.42E-4 0.005335 0.052123 0.016994 0.022462 0.003995 0.004773 0.002207 0.011146 0.004304 
3.84E-4 0.013544 0.002238 0.004082 0.028389 0.212894 0.007148 0.001806 0.00807 0.925869 0.001591 0.007038 0.01347 0.013185 0.740844 0.003941 0.003353 0.830886 0.002828 5.19E-4 0.004945 0.097922 0.029732 0.005528 0.005713 0.058708 0.005249 0.006193 0.006597 
4.29E-4 0.01755 0.003305 0.003844 0.028959 0.044818 0.009325 0.001487 0.023868 0.529746 0.001641 0.009169 0.006592 0.038774 0.829081 0.005892 0.00287 0.213215 0.002023 7.32E-4 0.004831 0.052856 0.090741 0.023514 0.007031 0.022267 0.005879 0.007833 0.005408 
0.002098 0.012406 0.005355 0.010535 0.039902 0.023749 0.013105 0.012436 0.012035 0.863065 0.008896 0.013134 0.019096 0.015882 0.421746 0.009829 0.004036 0.728683 0.006333 6.58E-4 0.011294 0.048825 0.020414 0.020302 0.010227 0.016699 0.008604 0.01492 0.013211 
0.001271 0.020289 0.006489 0.005494 0.051408 0.02817 0.01062 0.007697 0.008041 0.326176 0.006046 0.007758 0.02208 0.012856 0.880847 0.013871 0.004653 0.4809 0.005462 0.001642 0.008497 0.025455 0.018995 0.042182 0.009194 0.017831 0.012188 0.018179 0.008409 
7.92E-4 0.02073 0.004805 0.008275 0.023054 0.009433 0.012144 0.003233 0.011749 0.029668 0.003669 0.010697 0.007411 0.016795 0.472321 0.0105 0.00608 0.416935 0.006792 0.001059 0.009294 0.047038 0.036579 0.015216 0.01003 0.036554 0.013712 0.011632 0.00696 
0.004902 0.024777 0.011107 0.009017 0.033503 0.019082 0.011862 0.018286 0.019276 0.219656 0.015661 0.013642 0.018504 0.01261 0.40628 0.013321 0.011087 0.142763 0.011165 0.003064 0.008717 0.041303 0.015346 0.017804 0.013748 0.013541 0.015474 0.012535 0.015678 
0.001995 0.01051 0.00526 0.011296 0.022365 0.011829 0.01432 0.005432 0.014996 0.856656 0.008572 0.013567 0.009319 0.019809 0.384314 0.010384 0.00657 0.85948 0.007254 0.001399 0.011652 0.086915 0.020999 0.017838 0.009897 0.01917 0.010463 0.015202 0.018668 
8.36E-4 0.01118 0.003021 0.003233 0.01963 0.182918 0.006427 0.0058 0.052112 0.177794 0.002781 0.004164 0.011607 0.10722 0.706108 0.004368 0.004275 0.899156 0.002782 7.36E-4 0.007732 0.028951 0.024513 0.013865 0.005004 0.006798 0.005292 0.0081 0.006958 
9.61E-4 0.016628 0.004769 0.003584 0.027392 0.176915 0.004817 0.009201 0.056865 0.43899 0.002145 0.003635 0.022157 0.052324 0.781723 0.006926 0.004572 0.52159 0.004097 6.54E-4 0.00788 0.008632 0.045591 0.011097 0.008566 0.009292 0.016721 0.005075 0.006939 
0.001461 0.0261 0.004595 0.004475 0.01006 0.012097 0.004467 0.005691 0.012139 0.570548 0.005645 0.004458 0.008881 0.015254 0.695307 0.006974 0.007848 0.370187 0.004804 0.001787 0.007736 0.150311 0.015637 0.007504 0.010676 0.136022 0.014922 0.005476 0.008312 
2.6E-4 0.005093 0.001411 0.008254 0.16997 0.008911 0.027385 5.85E-4 0.016239 0.957139 0.002305 0.068095 0.008941 0.01029 0.439923 0.002373 0.002448 0.600456 0.002522 2.64E-4 0.007639 0.09348 0.017299 0.015781 0.00471 0.003726 0.002991 0.018549 0.004473 
9.51E-4 0.005053 0.002645 0.003298 0.072699 0.012709 0.006752 0.003535 0.022667 0.956435 0.003803 0.010401 0.010033 0.037952 0.444542 0.004135 0.004236 0.694351 0.00152 7.37E-4 0.005139 0.10731 0.035584 0.025153 0.005557 0.0086 0.006832 0.008787 0.007461 
0.00106 0.029158 0.006104 0.008898 0.015957 0.012804 0.012858 0.004088 0.009705 0.013795 0.003995 0.011827 0.00837 0.011696 0.473711 0.009055 0.003743 0.885924 0.006531 9.77E-4 0.007946 0.058586 0.016852 0.014763 0.011421 0.066814 0.00931 0.012082 0.01172 
0.001458 0.04983 0.003074 0.004781 0.07544 0.031952 0.006777 0.003419 0.015934 0.178828 0.005329 0.008745 0.010116 0.008756 0.550495 0.007645 0.003862 0.537843 0.00436 0.001137 0.006789 0.021889 0.015942 0.020879 0.01225 0.030426 0.005067 0.007004 0.015128 
0.001014 0.009865 0.003498 0.007646 0.055947 0.025664 0.010309 0.003689 0.059956 0.860099 0.003893 0.009821 0.009811 0.121926 0.401883 0.006991 0.006862 0.375472 0.003903 8.95E-4 0.015931 0.043075 0.038653 0.032792 0.006501 0.012055 0.006742 0.019434 0.004918 
8.48E-4 0.060969 0.003831 0.001934 0.03148 0.004222 0.003325 0.003932 0.021523 0.848597 0.003567 0.003872 0.035074 0.115062 0.050646 0.009372 0.014128 0.603296 0.006803 0.001505 0.004963 0.008805 0.01413 0.006359 0.009894 0.060346 0.065643 0.003042 0.005285 
0.001958 0.019524 0.004965 0.003304 0.05941 0.02482 0.010649 0.010939 0.01485 0.914135 0.007291 0.011434 0.019479 0.014751 0.97393 0.008628 0.003273 0.449404 0.00442 0.001195 0.005627 0.050243 0.021125 0.03696 0.009919 0.015366 0.008573 0.012872 0.007956 
0.001145 0.023164 0.00404 0.004789 0.012498 0.011969 0.004953 0.004911 0.009428 0.469359 0.005462 0.004711 0.010921 0.01518 0.150097 0.009478 0.003363 0.644205 0.004962 7.21E-4 0.005407 0.041108 0.031357 0.009647 0.009554 0.065794 0.006418 0.005655 0.010693 
0.001033 0.019442 0.007287 0.005077 0.024369 0.008123 0.005599 0.00438 0.024646 0.543045 0.003488 0.005416 0.024725 0.090606 0.162325 0.017945 0.019314 0.136652 0.004341 0.00286 0.007469 0.014139 0.016307 0.01047 0.00621 0.113256 0.084072 0.006694 0.005227 
0.001686 0.025041 0.006407 0.006108 0.031448 0.014391 0.009819 0.007869 0.015473 0.290926 0.006324 0.012397 0.019077 0.016193 0.277439 0.00867 0.005674 0.884231 0.007218 0.001563 0.009067 0.049868 0.018973 0.030696 0.013168 0.013728 0.009247 0.010338 0.011733 
6.14E-4 0.056043 0.004424 0.004238 0.023774 0.010356 0.004402 0.002854 0.024048 0.489915 0.003673 0.003562 0.021219 0.074842 0.694873 0.019128 0.013711 0.606218 0.00261 0.00169 0.007487 0.010531 0.011755 0.008694 0.006952 0.080733 0.069497 0.004951 0.009759 
0.002015 0.011281 0.004225 0.011669 0.036596 0.031022 0.011119 0.007834 0.056116 0.877764 0.006155 0.007914 0.014195 0.085405 0.662352 0.005455 0.009647 0.668249 0.004714 0.001705 0.01897 0.05226 0.067584 0.02672 0.007564 0.010953 0.008547 0.020641 0.007779 
8.12E-4 0.013711 0.003778 0.009086 0.029269 0.020038 0.012791 0.00391 0.018756 0.270832 0.007566 0.012461 0.013255 0.012375 0.227811 0.007825 0.009276 0.295534 0.005966 5.68E-4 0.013901 0.044664 0.022083 0.023822 0.01037 0.015203 0.00748 0.016621 0.019589 
0.013307 0.007609 0.017774 0.006613 0.08593 0.013998 0.010562 0.002814 0.015394 0.298105 0.016548 0.01011 0.008428 0.015307 0.768335 0.006274 0.006233 0.165392 0.0083 0.013787 0.011232 0.042291 0.0246 0.061643 0.010011 0.009046 0.008008 0.014257 0.014579 
0.00171 0.023081 0.006303 0.009858 0.013736 0.006133 0.01281 0.004586 0.010843 0.796816 0.007268 0.009928 0.007968 0.01881 0.142766 0.010839 0.008125 0.858691 0.007244 0.002332 0.01055 0.056436 0.01445 0.014389 0.030229 0.014826 0.012826 0.01436 0.021539 
0.001236 0.016623 0.003131 0.003571 0.020475 0.224309 0.005115 0.008318 0.075387 0.712025 0.003578 0.003722 0.02096 0.050287 0.487911 0.004841 0.005283 0.08327 0.002339 0.001331 0.011202 0.023136 0.016795 0.011624 0.005151 0.007493 0.014128 0.003733 0.006415 
0.003222 0.024658 0.004655 0.008356 0.024748 0.026924 0.01497 0.009495 0.013612 0.312386 0.011671 0.016177 0.015598 0.014768 0.584523 0.008453 0.005741 0.573464 0.005079 0.001632 0.009719 0.063167 0.020799 0.017248 0.017976 0.01388 0.006541 0.01504 0.017388 
2.41E-4 0.031135 0.00157 0.00457 0.034932 0.050245 0.010167 0.001279 0.056313 0.89597 0.001676 0.009975 0.006195 0.047894 0.190025 0.005564 0.002912 0.976335 0.002966 2.15E-4 0.006057 0.024395 0.053701 0.022849 0.009599 0.026641 0.00337 0.00802 0.005103 
0.001997 0.019382 0.008606 0.007074 0.024008 0.018722 0.009989 0.00578 0.021273 0.437947 0.006766 0.012105 0.013261 0.023532 0.772656 0.013281 0.009217 0.993904 0.005241 0.001837 0.010921 0.061068 0.048729 0.021162 0.011693 0.018619 0.01367 0.011873 0.014206 
0.002333 0.010837 0.007882 0.008618 0.033804 0.023555 0.01262 0.010635 0.019932 0.035423 0.007833 0.013086 0.051879 0.015958 0.513815 0.009407 0.008755 0.579885 0.009006 0.002404 0.009901 0.049902 0.035475 0.018293 0.010249 0.01159 0.012594 0.01321 0.010956 
5.37E-4 0.027667 0.002894 0.004106 0.024844 0.037341 0.008441 0.002634 0.019324 0.155222 0.004147 0.009098 0.006375 0.051316 6.59E-4 0.00608 0.002539 0.306497 0.003875 6.12E-4 0.003783 0.041423 0.058292 0.015662 0.009732 0.028199 0.005241 0.007487 0.009129 
0.002634 0.021501 0.009436 0.009367 0.024917 0.016553 0.012056 0.010473 0.018019 0.319302 0.016162 0.012488 0.019153 0.025651 0.910802 0.014809 0.010506 0.466219 0.01051 0.002596 0.009968 0.029798 0.042107 0.01303 0.014519 0.020999 0.018876 0.012259 0.016506 
7.31E-4 0.005885 0.001793 0.005354 0.227661 0.026151 0.012403 0.001347 0.011949 0.199925 0.00209 0.025079 0.0093 0.014351 0.427194 0.003425 0.002224 0.333428 0.002164 3.9E-4 0.006403 0.027636 0.015865 0.05015 0.003572 0.005393 0.003236 0.011638 0.004836 
0.002593 0.011352 0.005079 0.01102 0.02985 0.021747 0.020346 0.007315 0.015664 0.832708 0.006568 0.021041 0.019626 0.023076 0.259401 0.010746 0.006839 0.834012 0.004334 0.001469 0.011962 0.066495 0.030901 0.028662 0.00522 0.01607 0.010558 0.019215 0.008424 
4.21E-4 0.021351 0.001408 0.002915 0.033646 0.106147 0.003708 0.001671 0.017769 0.950838 0.002399 0.004285 0.009158 0.018895 0.981993 0.003277 0.002141 0.54648 0.002954 1.96E-4 0.005059 0.091597 0.046338 0.007323 0.009809 0.055592 0.002238 0.004801 0.013208 
0.012795 0.005076 0.016244 0.00693 0.043351 0.00838 0.01147 0.002771 0.015575 0.828982 0.015558 0.011413 0.008269 0.014388 0.935114 0.003286 0.004049 0.123794 0.00904 0.013252 0.01022 0.08022 0.02704 0.051073 0.010034 0.005022 0.004571 0.014397 0.013906 
0.001159 0.02774 0.008812 0.008244 0.012627 0.01481 0.011347 0.004499 0.018806 0.06616 0.004513 0.012862 0.013098 0.012412 0.275431 0.012873 0.005157 0.113949 0.007958 0.001324 0.009651 0.041478 0.0125 0.021658 0.010394 0.014632 0.010086 0.011311 0.012851 
0.012022 0.005962 0.015326 0.006301 0.063202 0.01433 0.011362 0.003856 0.01196 0.754153 0.014687 0.009494 0.008359 0.009555 0.547287 0.00253 0.003442 0.214479 0.008514 0.012546 0.010568 0.028719 0.0216 0.058029 0.009681 0.005184 0.004143 0.015734 0.013011 
2.69E-4 0.020584 0.002281 0.007204 0.03137 0.101832 0.010624 0.001167 0.010527 0.178899 0.002322 0.00822 0.006854 0.010554 0.746551 0.00417 0.00314 0.66072 0.003509 3.08E-4 0.007738 0.108896 0.050561 0.01403 0.011915 0.037887 0.004141 0.011696 0.011243 
0.003591 0.107721 0.00223 0.003739 0.011684 0.020275 0.00581 0.001402 0.016617 0.667682 0.003421 0.004638 0.002327 0.006632 0.648027 0.003467 0.002147 0.095377 0.006953 0.003179 0.006158 0.011084 0.055967 0.014276 0.0227 0.002984 0.001645 0.006926 0.013525 
1.18E-4 0.008762 0.001432 0.00155 0.065601 0.012583 0.004243 6.57E-4 0.046908 0.481657 7.78E-4 0.004567 0.003381 0.027429 0.851806 0.004094 0.001711 0.992928 0.001122 1.8E-4 0.002624 0.035679 0.131392 0.013401 0.003286 0.02523 0.004879 0.003443 0.002378 
0.001378 0.007627 0.004167 0.004369 0.099446 0.00776 0.01181 0.005327 0.02132 0.007507 0.004384 0.014502 0.018842 0.039564 0.688933 0.005802 0.003308 0.039023 0.002915 0.001179 0.00508 0.069998 0.057091 0.016161 0.003808 0.009236 0.00902 0.009583 0.004245 
0.002241 0.01588 0.003513 0.006093 0.085164 0.02237 0.009664 0.01161 0.01335 0.244596 0.005853 0.011809 0.037594 0.014334 0.640929 0.006774 0.003649 0.447873 0.003411 0.001002 0.009994 0.028194 0.014005 0.037965 0.007141 0.009864 0.006968 0.015432 0.006822 
0.001492 0.004899 0.003496 0.004504 0.075685 0.033004 0.008054 0.004907 0.0373 0.616421 0.00494 0.007574 0.006966 0.100506 0.269011 0.007289 0.00457 0.443066 0.002952 9.08E-4 0.008968 0.081404 0.035141 0.049048 0.006062 0.006952 0.009543 0.01212 0.006791 
5.13E-4 0.021355 0.002999 0.005476 0.008037 0.005802 0.006828 0.001629 0.013845 0.618091 0.00246 0.005403 0.003413 0.012399 0.567144 0.005081 0.006879 0.995382 0.003649 0.001115 0.008027 0.14285 0.015541 0.013238 0.007368 0.100494 0.010691 0.008581 0.004883 
4.54E-4 0.004752 0.00373 0.002938 0.008045 0.012903 0.003007 0.002479 0.034407 0.105124 0.001842 0.003638 0.005936 0.297545 0.745093 0.009337 0.013052 0.749251 0.0015 8.94E-4 0.007869 0.012896 0.108012 0.00623 0.002515 0.07143 0.04271 0.00404 0.004769 
4.95E-4 0.052546 0.002883 0.00444 0.097847 0.028587 0.005846 0.001379 0.011564 0.719802 0.002953 0.006593 0.004781 0.006046 0.110408 0.008741 0.002041 0.797986 0.004095 4.98E-4 0.00505 0.022226 0.016444 0.01585 0.012193 0.029283 0.005184 0.006427 0.011016 
8.62E-4 0.037098 0.005888 0.005332 0.129022 0.016544 0.005425 0.003429 0.022088 0.622924 0.0036 0.007829 0.01117 0.011856 0.522928 0.011572 0.004225 0.103713 0.003027 0.001243 0.008313 0.016567 0.023956 0.013443 0.007536 0.032078 0.008373 0.007604 0.02009 
0.001514 0.005905 0.004351 0.00617 0.038434 0.050615 0.009051 0.007489 0.039251 0.666839 0.00554 0.008608 0.014517 0.094851 0.01792 0.006188 0.006024 9.99E-4 0.003759 0.001356 0.012039 0.039403 0.047382 0.032433 0.003985 0.014114 0.00963 0.014838 0.005597 
7.01E-4 0.021141 0.005544 0.00758 0.019854 0.012214 0.013714 0.002671 0.014362 0.747662 0.003405 0.013185 0.011218 0.018615 0.4204 0.009343 0.008341 0.226534 0.006195 0.00181 0.00845 0.064832 0.022629 0.023323 0.024001 0.014922 0.010927 0.015088 0.012752 
4.34E-4 0.002732 0.003438 0.002318 0.005191 0.005552 0.001246 0.001782 0.028235 0.873219 0.001675 0.001685 0.002736 0.460557 0.082693 0.011953 0.016911 0.937559 0.001384 9.09E-4 0.006035 0.011365 0.050858 0.002144 0.002608 0.024857 0.036673 0.001759 0.00227 
0.00117 0.046731 0.007352 0.003117 0.027528 0.0055 0.004483 0.004089 0.030061 0.198737 0.003315 0.005062 0.030306 0.090358 0.395366 0.021352 0.013508 0.720343 0.004982 0.001614 0.006617 0.020348 0.030667 0.009036 0.007112 0.0809 0.02407 0.004 0.007566 
0.001376 0.018012 0.0018 0.002918 0.046515 0.117306 0.004363 0.011746 0.013167 0.79837 0.004966 0.005499 0.085104 0.008879 0.501701 0.002459 0.002068 0.2994 0.00297 4.45E-4 0.004053 0.004932 0.01561 0.04602 0.005542 0.014564 0.005346 0.004172 0.00432 
0.001921 0.027073 0.005887 0.005279 0.023072 0.017894 0.00875 0.007544 0.015169 0.886235 0.006892 0.008783 0.013645 0.012447 0.246941 0.011725 0.0041 0.608821 0.00561 7.46E-4 0.007423 0.036328 0.035155 0.015088 0.010704 0.064479 0.010198 0.009564 0.011464 
0.001267 0.011514 0.004986 0.015466 0.02614 0.018664 0.023542 0.004927 0.027619 0.342421 0.004095 0.023788 0.016408 0.034522 0.777146 0.009764 0.008885 0.432377 0.004092 7.96E-4 0.018401 0.047725 0.066823 0.029154 0.006434 0.01582 0.013059 0.024711 0.010043 
0.001429 0.012452 0.007979 0.004937 0.017752 0.012403 0.011198 0.005299 0.007146 0.927488 0.005171 0.010904 0.010779 0.01564 0.051314 0.018127 0.004251 0.129597 0.003758 0.001005 0.005724 0.046766 0.030712 0.018108 0.004834 0.059206 0.013422 0.010286 0.008216 
0.001922 0.020216 0.003578 0.003973 0.038115 0.039039 0.004967 0.018943 0.019461 0.64289 0.005693 0.005879 0.125365 0.008629 0.214081 0.005524 0.002902 0.791539 0.003814 5.77E-4 0.006445 0.00986 0.008807 0.036494 0.005841 0.026704 0.005252 0.005319 0.001427 
0.003746 0.122902 0.003485 0.0026 0.014053 0.008439 0.004878 0.002149 0.009727 0.337812 0.002766 0.004126 0.002734 0.008539 0.798486 0.004704 0.001922 0.844 0.005712 0.003023 0.003628 0.019852 0.038184 0.016783 0.022693 0.006641 0.002882 0.006648 0.011015 
0.004075 0.092565 0.002997 0.0034 0.010552 0.011818 0.005813 0.001116 0.012562 0.069973 0.002517 0.004314 0.003427 0.006313 0.950034 0.005701 0.002378 0.319206 0.006714 0.00394 0.004443 0.017327 0.058052 0.029411 0.017079 0.006124 0.002887 0.008424 0.00814 
8.09E-4 0.025336 0.006765 0.005003 0.014757 0.006651 0.006491 0.003318 0.011439 0.430069 0.004691 0.006506 0.0064 0.013354 0.572239 0.009713 0.008636 0.105069 0.00565 0.001828 0.008259 0.03074 0.014496 0.009871 0.008803 0.165118 0.020418 0.007159 0.007912 
0.001746 0.013023 0.005829 0.006981 0.023216 0.037254 0.008033 0.007835 0.015148 0.976439 0.009422 0.008776 0.079701 0.025427 0.523299 0.007872 0.008583 0.452174 0.006924 0.001852 0.00776 0.021805 0.025662 0.009283 0.010082 0.009972 0.014612 0.008728 0.013627 
0.002183 0.139736 0.00277 0.002545 0.011901 0.020683 0.003791 0.001319 0.014161 0.811319 0.002386 0.002787 0.002035 0.005887 0.576776 0.003192 0.001914 0.724166 0.005896 0.001569 0.003737 0.014282 0.052375 0.021511 0.025888 0.003843 0.001884 0.005672 0.010553 
2.29E-4 0.017615 0.001007 0.002409 0.062882 0.022219 0.006124 0.001242 0.039561 0.654883 0.001119 0.006862 0.005072 0.020222 0.890123 0.002589 0.001568 0.822326 0.001301 1.85E-4 0.003358 0.011383 0.091725 0.029835 0.005234 0.013603 0.002153 0.005547 0.003448 
6.65E-4 0.007352 0.002946 0.007477 0.14628 0.008918 0.023227 0.001157 0.012006 0.06524 0.002923 0.051687 0.011566 0.010773 0.335911 0.003886 0.002346 0.817887 0.004434 6.24E-4 0.007549 0.071427 0.017742 0.022699 0.006741 0.006967 0.003842 0.019782 0.005797 
4.62E-4 0.009535 0.00375 0.00467 0.029747 0.031095 0.008797 0.001337 0.049146 0.696314 0.002347 0.008283 0.004342 0.05837 0.519716 0.008402 0.004538 0.259894 0.001938 5.67E-4 0.00678 0.035757 0.102325 0.031906 0.004439 0.028312 0.008923 0.008024 0.004257 
0.00277 0.016189 0.003912 0.010082 0.022913 0.023984 0.015401 0.008346 0.018135 0.301953 0.010293 0.015577 0.015432 0.024268 0.089612 0.008861 0.005784 0.51004 0.004928 8.38E-4 0.011728 0.080139 0.043804 0.025049 0.009899 0.016565 0.008061 0.017363 0.015612 
0.002165 0.028335 0.01696 0.004393 0.016973 0.017934 0.006649 0.008484 0.011683 0.656846 0.007739 0.009578 0.018415 0.019337 0.990381 0.023062 0.004802 0.771478 0.015644 0.002056 0.005281 0.025738 0.019159 0.008965 0.01967 0.015925 0.015401 0.007206 0.017726 
7.28E-4 0.027058 0.002352 0.00377 0.026969 0.172953 0.005425 0.002851 0.010015 0.610307 0.003535 0.005043 0.008219 0.009973 0.801076 0.004502 0.002399 0.962114 0.004988 4.54E-4 0.004769 0.084508 0.037016 0.006382 0.014269 0.04395 0.004148 0.005933 0.011699 
0.001014 0.005665 0.006265 0.007015 0.062303 0.033436 0.005979 0.003945 0.078471 0.424085 0.00427 0.006124 0.00944 0.085953 0.341065 0.011458 0.010515 0.003091 0.004751 0.001663 0.019061 0.052608 0.026643 0.015903 0.006961 0.008506 0.012951 0.013979 0.00586 
7.14E-4 0.027067 0.00526 0.006945 0.03268 0.011116 0.011283 0.003206 0.01454 0.675862 0.003631 0.011245 0.011328 0.010525 0.248949 0.00926 0.004872 0.61474 0.007741 9.48E-4 0.009761 0.039545 0.029635 0.016051 0.014318 0.04683 0.009295 0.01206 0.008325 
1.83E-4 0.003583 0.002335 0.001342 0.004659 0.005871 8.07E-4 0.001163 0.025601 0.052192 0.001229 9.82E-4 0.001647 0.547215 0.219681 0.009918 0.009936 0.55114 0.001285 4.31E-4 0.003641 0.010822 0.093805 0.002067 0.002069 0.033536 0.022727 0.001224 0.002853 
3.48E-4 0.007048 0.002971 0.002064 0.006721 0.006314 0.002307 0.001785 0.022735 0.300117 0.001481 0.002551 0.002998 0.380662 0.002122 0.010671 0.013028 0.572255 0.002302 6.5E-4 0.006596 0.022784 0.0941 0.005485 0.004741 0.057105 0.037259 0.002975 0.004791 
0.001994 0.020508 0.009082 0.011513 0.024069 0.011025 0.017454 0.007247 0.01945 0.243504 0.00567 0.019842 0.01584 0.017733 0.751779 0.012829 0.007905 0.927112 0.007266 0.001614 0.013759 0.049607 0.024718 0.031943 0.011442 0.016524 0.011504 0.018449 0.01135 
6.61E-4 0.02507 0.002336 0.00267 0.026079 0.142189 0.005149 0.002417 0.014484 0.084258 0.002412 0.006875 0.008871 0.013526 0.563238 0.003714 0.002795 0.579593 0.005792 5.6E-4 0.004074 0.065638 0.058883 0.007022 0.012706 0.05917 0.003017 0.004902 0.011857 
0.001412 0.036742 0.004981 0.002227 0.079003 0.02832 0.00595 0.004209 0.023461 0.053824 0.003851 0.011845 0.010278 0.007605 0.862187 0.008349 0.002443 0.876184 0.003374 0.001094 0.004986 0.036237 0.022977 0.020312 0.009758 0.016091 0.006168 0.003293 0.011861 
8.41E-4 0.038002 0.005189 0.004889 0.095486 0.025895 0.005832 0.003988 0.020005 0.640194 0.003309 0.008832 0.013482 0.011014 0.16294 0.012626 0.004483 0.478497 0.003326 7.89E-4 0.007368 0.041803 0.019337 0.013748 0.006649 0.036953 0.006494 0.007703 0.013268 
8.02E-4 0.020435 0.00742 0.010883 0.018156 0.012117 0.015501 0.003524 0.012691 0.708011 0.003572 0.014042 0.009873 0.010303 0.143638 0.013582 0.003922 0.894501 0.006983 0.001185 0.009637 0.024074 0.037028 0.021324 0.0099 0.064181 0.007455 0.016328 0.007238 
0.001093 0.014756 0.00181 0.002732 0.027139 0.176094 0.00545 0.006817 0.039446 0.28735 0.002984 0.002833 0.024319 0.095758 0.170903 0.003964 0.005507 0.024027 0.00268 6.82E-4 0.008056 0.024257 0.024693 0.015955 0.006622 0.005585 0.008422 0.004014 0.007235 
6.24E-4 0.009314 0.002873 0.00346 0.018191 0.215165 0.003738 0.006763 0.054495 0.72221 0.002022 0.002476 0.023112 0.11264 0.338999 0.006094 0.004242 0.265302 0.002296 3.72E-4 0.01057 0.018611 0.02451 0.006712 0.003874 0.008605 0.01148 0.005454 0.003231 
0.001318 0.013097 0.005796 0.0089 0.031055 0.012269 0.011451 0.004538 0.019513 0.309525 0.009228 0.011334 0.01067 0.01699 0.687579 0.009694 0.006389 0.662933 0.010323 0.001425 0.012415 0.074326 0.02381 0.01132 0.013755 0.011031 0.00929 0.011423 0.02236 
0.001531 0.018143 0.02164 0.0046 0.019002 0.015692 0.007586 0.008963 0.023685 0.850608 0.010269 0.008663 0.021179 0.032083 0.33787 0.019081 0.009357 0.750985 0.011551 0.005514 0.007123 0.022859 0.066344 0.013777 0.013907 0.014127 0.022235 0.007979 0.013793 
0.001293 0.02681 0.006355 0.005002 0.022981 0.011775 0.008837 0.004328 0.007251 0.393435 0.004337 0.008983 0.011258 0.008047 0.053575 0.01008 0.004116 0.35858 0.006528 0.001236 0.005949 0.044563 0.03371 0.009888 0.011753 0.04628 0.009346 0.007787 0.010799 
0.003008 0.024131 0.01279 0.005729 0.016828 0.023604 0.007822 0.011215 0.013753 0.971111 0.015191 0.008182 0.025579 0.014608 0.297596 0.015009 0.005917 0.954959 0.014919 0.003775 0.006579 0.026578 0.038175 0.010414 0.020017 0.014233 0.016606 0.006686 0.020019 
0.002441 0.015014 0.012067 0.011676 0.025465 0.01825 0.016151 0.008229 0.015067 0.748747 0.012138 0.01761 0.018655 0.019544 0.644366 0.016835 0.008564 0.183676 0.00659 0.003271 0.01183 0.054401 0.025763 0.019887 0.010991 0.019255 0.01388 0.016063 0.013421 
0.003198 0.074788 0.002889 0.003097 0.037125 0.008678 0.003614 0.001489 0.011028 0.534291 0.003888 0.00279 0.00305 0.006676 0.253064 0.003993 0.00208 0.056813 0.00499 0.002373 0.004651 0.019195 0.047045 0.015223 0.020544 0.004937 0.001671 0.006172 0.013372 
2.1E-4 0.015907 0.001233 0.002612 0.048388 0.021705 0.004565 7.61E-4 0.048734 0.839254 0.001012 0.003296 0.002185 0.021108 0.970145 0.002528 0.002906 0.389282 0.001323 2.62E-4 0.00513 0.01958 0.096165 0.021887 0.004546 0.013946 0.003404 0.00493 0.002743 
8.21E-4 0.019899 0.004926 0.011006 0.026035 0.017482 0.01817 0.005153 0.015496 0.420756 0.006084 0.017076 0.011656 0.017865 0.311475 0.009493 0.006528 0.197279 0.004133 0.001691 0.010893 0.045506 0.021956 0.027885 0.019024 0.013584 0.011799 0.019824 0.014389 
0.001406 0.025919 0.003287 0.00267 0.037851 0.072599 0.003943 0.012587 0.010542 0.570256 0.003315 0.005423 0.078651 0.004203 0.976632 0.005043 0.001548 0.233516 0.00414 4.45E-4 0.00322 0.011509 0.010129 0.044918 0.007672 0.018806 0.004624 0.003995 0.003811 
0.001047 0.03805 0.002311 0.005269 0.113986 0.02767 0.006298 0.003817 0.029445 0.531049 0.004303 0.010603 0.0092 0.004799 0.715107 0.005519 0.003725 0.714242 0.00314 7.23E-4 0.008815 0.026664 0.01753 0.021304 0.009175 0.021438 0.002549 0.007163 0.018737 
0.001603 0.017101 0.002164 0.002649 0.022105 0.093947 0.003635 0.01774 0.011268 0.672451 0.004469 0.004894 0.099585 0.006041 0.901831 0.003245 0.001765 0.334619 0.003016 3.44E-4 0.004426 0.009897 0.007253 0.039215 0.005778 0.017738 0.004434 0.003036 0.00328 
0.001156 0.017149 0.00609 0.007647 0.029179 0.015051 0.014413 0.004815 0.016974 0.482305 0.006387 0.014953 0.013806 0.019698 0.539996 0.011708 0.005178 0.320244 0.00864 6.79E-4 0.010667 0.040578 0.024478 0.023426 0.010253 0.023215 0.009791 0.015001 0.015104 
0.001696 0.012498 0.004369 0.010134 0.033142 0.015767 0.015976 0.006039 0.012345 0.213661 0.008517 0.015554 0.012618 0.014743 0.397839 0.009109 0.005136 0.502201 0.008258 6.58E-4 0.009774 0.078161 0.017507 0.02231 0.011882 0.012812 0.008788 0.015238 0.024295 
2.53E-4 0.004313 0.002931 0.002981 0.007292 0.00446 0.002344 0.001233 0.036963 0.41996 0.001411 0.002532 0.001752 0.408492 0.239877 0.008991 0.01667 0.069368 8.64E-4 0.001061 0.005481 0.019605 0.075725 0.004617 0.002734 0.03471 0.038755 0.003431 0.004273 
0.001373 0.02212 0.002833 0.002353 0.027052 0.066877 0.003793 0.012665 0.013225 0.531685 0.00587 0.003098 0.070769 0.00825 0.521122 0.005396 0.001992 0.37521 0.00797 5.76E-4 0.004071 0.011022 0.014618 0.063728 0.013213 0.0232 0.005265 0.005219 0.005687 
0.010515 0.011663 0.013479 0.00587 0.127344 0.011519 0.012888 0.00198 0.008747 0.348575 0.012828 0.01343 0.008405 0.00892 0.041921 0.00586 0.002287 0.353639 0.007524 0.010742 0.006535 0.071048 0.014804 0.052248 0.008829 0.008773 0.004392 0.014265 0.011618 
2.53E-4 0.04411 0.003243 0.00286 0.034884 0.043456 0.005486 0.001814 0.010191 0.812833 0.002531 0.007272 0.007306 0.035036 0.244096 0.005787 0.00283 0.053598 0.004074 5.28E-4 0.003679 0.06262 0.053154 0.011261 0.010186 0.021545 0.007241 0.005225 0.006214 
0.001847 0.018221 0.005815 0.013524 0.024822 0.014244 0.020389 0.005394 0.023124 0.661776 0.007315 0.019593 0.016713 0.021532 0.117565 0.01224 0.008125 0.733742 0.007842 0.001311 0.015347 0.032054 0.041812 0.026407 0.013821 0.01811 0.012169 0.020807 0.012296 
7.94E-4 0.031163 0.003078 0.006101 0.014563 0.007792 0.007747 0.003285 0.009803 0.738257 0.0035 0.007476 0.00983 0.009498 0.038002 0.005501 0.00533 0.371379 0.005107 8.75E-4 0.00711 0.061763 0.012558 0.015559 0.014452 0.13781 0.007783 0.008691 0.008135 
0.001897 0.020264 0.006274 0.009685 0.015563 0.014462 0.011794 0.007649 0.024917 0.288071 0.007232 0.013627 0.016315 0.018408 0.250343 0.009957 0.009128 0.395871 0.007161 0.002235 0.014037 0.034023 0.019746 0.023282 0.013813 0.016522 0.010057 0.011636 0.015202 
8.69E-4 0.065653 0.005812 0.003151 0.036622 0.007316 0.005012 0.00293 0.020698 0.990385 0.002471 0.005669 0.026207 0.099702 0.50094 0.022562 0.014005 0.608961 0.003891 0.001876 0.004199 0.013787 0.01722 0.008813 0.006114 0.084265 0.052181 0.00434 0.005039 
5.09E-4 0.004552 0.002489 0.003567 0.0058 0.006357 0.00211 0.001395 0.029451 0.540223 0.00197 0.001816 0.001431 0.378665 0.101662 0.008389 0.016576 0.923556 0.001961 5.71E-4 0.007046 0.009628 0.100148 0.003822 0.00294 0.046259 0.047654 0.002988 0.004166 
0.001345 0.011928 0.003962 0.005203 0.036467 0.01751 0.008172 0.006115 0.014038 0.91788 0.008777 0.00871 0.015008 0.020944 0.137304 0.009382 0.005034 0.904722 0.007875 8.41E-4 0.007148 0.064669 0.028674 0.01248 0.009988 0.02308 0.007011 0.008349 0.02658 
0.002068 0.023543 0.007943 0.015433 0.015977 0.009863 0.016865 0.004924 0.021912 0.083821 0.00481 0.018219 0.011295 0.044097 0.337712 0.012477 0.011591 0.388356 0.007423 0.001683 0.017959 0.041154 0.050005 0.016519 0.010405 0.0192 0.013692 0.018855 0.009337 
1.88E-4 0.002768 0.003011 0.00236 0.003678 0.002585 0.001516 8.92E-4 0.027736 0.810921 0.00111 0.001538 0.001382 0.440837 0.476508 0.011319 0.017904 0.757084 8.39E-4 9.52E-4 0.006003 0.007204 0.082034 0.002939 0.002094 0.03368 0.061427 0.00241 0.002505 
9.54E-4 0.026474 0.005674 0.004031 0.053746 0.029566 0.008511 0.008874 0.006953 0.919603 0.007347 0.00965 0.030221 0.008898 0.384816 0.009404 0.002447 0.283939 0.006671 8.06E-4 0.008088 0.036194 0.015823 0.021921 0.010892 0.01316 0.00719 0.012176 0.014438 

