0.012642 0.007717 0.009963 0.009 0.015329 0.017283 0.358125 0.531254 0.738823 0.008647 0.003807 0.04641 0.00357 0.800623 0.010074 0.004783 0.007136 0.004742 0.017337 0.682458 0.029111 0.027446 0.013065 0.007873 0.007426 0.0038 0.006114 
0.016305 0.01876 0.025802 0.017839 0.015577 0.025182 0.796245 0.092398 0.243648 0.016991 0.005161 0.028307 0.004301 0.237869 0.008328 0.005149 0.009214 0.007169 0.004161 0.11403 0.059686 0.040567 0.03685 0.015487 0.010323 0.005849 0.010975 
0.005584 0.005693 0.007413 0.008747 0.00888 0.014118 0.678778 0.464628 0.773986 0.003887 0.002379 0.016771 0.008317 0.430301 0.013699 0.001897 0.006591 0.002214 0.018731 0.720262 0.050721 0.021396 0.034409 0.01254 0.007805 0.00762 0.010624 
0.002089 0.003505 0.00342 0.015829 0.023131 0.071312 0.93745 0.356706 0.110048 0.002121 0.002723 0.05173 7.99E-4 0.752858 0.004125 0.002939 0.004043 0.005464 0.004788 0.742372 0.017985 0.025751 0.012097 0.009408 0.007587 0.004128 0.010223 
0.008164 0.006041 0.012018 0.049353 0.00495 0.007456 0.714472 0.059642 0.98668 0.008416 0.002907 0.007711 0.003762 0.268712 0.013624 0.005834 0.003484 0.011854 0.005521 0.944784 0.050905 0.01208 0.020259 0.030798 0.01463 0.00827 0.02421 
0.004179 0.005742 0.007775 0.019907 0.006947 0.020961 0.507435 0.084971 0.409816 0.003856 0.001697 0.012348 0.001222 0.068339 0.016976 0.003368 0.003917 0.006275 0.00226 0.828096 0.054225 0.028228 0.024305 0.007431 0.006491 0.00416 0.012055 
0.00734 0.003476 0.009346 0.013 0.012603 0.026531 0.545886 0.799185 0.283199 0.004521 0.001785 0.032528 0.001332 0.049565 0.006155 0.002398 0.006175 0.00373 0.006411 0.049858 0.058346 0.044844 0.025369 0.00841 0.005819 0.002875 0.005617 
0.003013 0.004274 0.009638 0.01247 0.003969 0.03738 0.378148 0.620278 0.977256 0.003931 0.001378 0.042167 8.89E-4 0.746685 0.006281 0.001219 0.001816 0.002728 0.001585 0.712647 0.047463 0.097586 0.021469 0.013787 0.005156 0.002015 0.005892 
0.01218 0.012307 0.017996 0.024316 0.015927 0.0192 0.975854 0.813591 0.002238 0.011671 0.005138 0.021981 0.004419 0.628973 0.010043 0.005574 0.009248 0.006296 0.007615 0.952125 0.05509 0.024673 0.026024 0.015469 0.01316 0.006945 0.008971 
0.002574 0.00348 0.004453 0.010133 0.00834 0.027445 0.751304 0.632869 0.63957 0.003016 0.00174 0.050749 7.31E-4 0.688401 0.008478 0.001979 0.004112 0.003627 8.97E-4 0.766299 0.061982 0.046554 0.015945 0.009188 0.010294 0.002788 0.005865 
0.002664 0.003645 0.003625 0.010378 0.106959 0.024761 0.619157 0.040156 0.361113 0.001889 0.001786 0.316729 6.62E-4 0.233375 0.006322 0.001715 0.013211 0.003309 0.003002 0.966802 0.024941 0.112094 0.009107 0.007192 0.003879 0.002392 0.005289 
0.007641 0.009733 0.01589 0.035967 0.011763 0.01823 0.368351 0.650508 0.094489 0.00831 0.00335 0.021082 0.002354 0.72663 0.006896 0.004666 0.006292 0.011663 0.004708 0.751695 0.049322 0.027265 0.022923 0.018188 0.018713 0.009741 0.018788 
0.001012 0.002028 8.13E-4 0.005967 0.110424 0.037563 0.133432 0.805838 0.955896 7.86E-4 0.001615 0.44133 1.74E-4 0.531243 0.008918 9.98E-4 0.018712 0.002056 8.27E-4 0.71747 0.011559 0.086577 0.002032 0.004869 0.002583 0.001432 0.003437 
0.003947 0.004312 0.007658 0.011595 0.005489 0.013242 0.361007 0.723596 0.298017 0.004056 0.001182 0.018724 9.95E-4 0.382996 0.002407 0.002421 0.003082 0.006033 0.003799 0.226045 0.029987 0.048505 0.018544 0.009364 0.004111 0.003862 0.007446 
0.001574 0.002419 0.003765 0.086096 0.002517 0.009745 0.233168 0.3939 0.644794 0.001802 7.16E-4 0.006993 5.79E-4 0.980563 0.003249 0.004776 0.002021 0.00858 0.001565 0.888391 0.017784 0.033764 0.019733 0.016876 0.022338 0.012403 0.01473 
0.002923 0.002414 0.003155 0.014427 0.081128 0.039264 0.959117 0.668896 0.790235 0.001935 0.002027 0.070208 7.31E-4 0.831302 0.007887 0.002371 0.021476 0.003936 0.005502 0.102408 0.007775 0.013161 0.006172 0.011042 0.005606 0.002418 0.006929 
0.00371 0.003425 0.004797 0.029234 0.004763 0.021786 0.398118 0.79104 0.026146 0.003125 0.001253 0.022917 6.86E-4 0.654688 0.003674 0.001657 0.003737 0.003129 0.002962 0.853371 0.137177 0.036911 0.007047 0.01163 0.005191 0.003286 0.008388 
0.005734 0.003257 0.01357 0.01561 0.006476 0.004898 0.301206 0.153069 0.580565 0.00372 0.001407 0.009771 0.002041 0.073094 0.018561 0.004301 0.003413 0.007351 0.013908 0.404384 0.032597 0.007467 0.025233 0.01165 0.008831 0.005083 0.010612 
0.00349 0.002987 0.003008 0.011356 0.07586 0.016506 0.926533 0.924772 0.1045 0.002891 0.001699 0.123646 0.0014 0.642079 0.023087 0.002191 0.016952 0.00361 0.004828 0.118975 0.009352 0.011313 0.004635 0.006122 0.004443 0.003547 0.005171 
0.00183 0.002244 0.005377 0.022253 0.032732 0.050173 0.450388 0.587571 0.469101 0.001872 0.00197 0.068475 5.59E-4 0.877634 0.003416 0.001824 0.006181 0.006142 0.004146 0.627904 0.020981 0.039336 0.009086 0.016036 0.003917 0.003567 0.010339 
0.011406 0.009632 0.018183 0.04019 0.007422 0.014691 0.904406 0.981729 0.283444 0.009945 0.003733 0.015028 0.003626 0.849682 0.006711 0.010156 0.005293 0.012822 0.007247 0.379724 0.034818 0.021359 0.018796 0.027805 0.021503 0.013687 0.017915 
0.003621 0.003124 0.004285 0.016433 0.010357 0.032547 0.650619 0.950758 0.584465 0.002338 0.001636 0.046477 0.001278 0.394607 0.006318 0.004049 0.003651 0.00555 0.002494 0.093625 0.072198 0.054763 0.021256 0.008574 0.005954 0.00567 0.006508 
0.003003 0.002326 0.003185 0.012088 0.089346 0.023467 0.964292 0.754537 0.427793 0.002458 0.002163 0.09182 0.001268 0.558118 0.020839 0.004914 0.016738 0.005973 0.003389 0.019765 0.009761 0.008925 0.007316 0.007571 0.010362 0.004673 0.005947 
0.006345 0.004516 0.008076 0.015436 0.008407 0.008335 0.380664 0.222188 0.063739 0.005335 0.001708 0.013977 0.001602 0.999773 0.010776 0.004287 0.00334 0.007188 0.006296 0.151869 0.034271 0.030626 0.009256 0.01144 0.010098 0.005848 0.009413 
0.008673 0.007231 0.010734 0.008118 0.014126 0.010487 0.419518 0.254008 0.70253 0.007332 0.003426 0.014659 0.002705 0.431218 0.003812 0.004415 0.007482 0.003888 0.008139 0.901774 0.024444 0.015061 0.014947 0.006899 0.011176 0.005525 0.004757 
0.011079 0.012391 0.018449 0.03579 0.016195 0.018228 0.605693 0.781085 0.993343 0.011747 0.004983 0.019828 0.001967 0.203797 0.008774 0.006201 0.010078 0.007354 0.004913 0.19791 0.060725 0.023255 0.024387 0.021186 0.01811 0.005972 0.011925 
0.00461 0.00407 0.006254 0.014254 0.00941 0.017982 0.555444 0.523948 0.739022 0.004067 0.001822 0.035538 0.0012 0.925437 0.004313 0.002518 0.00511 0.004275 0.00184 0.975845 0.055966 0.048219 0.02691 0.012155 0.005808 0.002447 0.007537 
0.005044 0.006088 0.00533 0.00793 0.004691 0.023262 0.461738 0.557293 0.558565 0.004981 0.002401 0.010772 0.002029 0.850679 0.003534 0.002781 0.00379 0.002225 0.014497 0.083156 0.009426 0.011382 0.060412 0.005647 0.005942 0.002507 0.003882 
0.007839 0.005435 0.01105 0.009578 0.002052 0.006999 0.879884 0.979657 0.440187 0.005583 0.001672 0.00413 0.009235 0.398993 0.003685 0.002631 0.002523 0.002304 0.005478 0.12952 0.048317 0.006514 0.048161 0.010282 0.008616 0.007789 0.012025 
0.01021 0.010125 0.013922 0.030021 0.012031 0.014478 0.288565 0.9382 0.28284 0.009894 0.005379 0.019901 0.004141 0.620425 0.009126 0.011856 0.00843 0.00929 0.009055 0.897647 0.035993 0.019282 0.016211 0.020927 0.023259 0.010433 0.016727 
0.008646 0.008478 0.009981 0.030748 0.0208 0.018335 0.75193 0.03146 0.835713 0.007565 0.003625 0.012509 0.003075 0.835405 0.01166 0.005606 0.009237 0.008723 0.00682 0.139759 0.060763 0.01745 0.012816 0.081865 0.008718 0.005971 0.022957 
0.002392 0.002162 0.00327 0.016464 0.031287 0.037626 0.601023 0.354623 0.236805 0.001702 0.001342 0.091346 8.34E-4 0.775061 0.006092 0.002482 0.003976 0.004121 0.007168 0.675191 0.018597 0.024983 0.026628 0.007194 0.005126 0.003306 0.006192 
0.003589 0.003845 0.004013 0.00746 0.008657 0.029991 0.54327 0.44274 0.055314 0.003075 0.001901 0.099937 0.001096 0.311755 0.010788 0.004061 0.004528 0.00399 0.003959 0.952205 0.091313 0.026225 0.037986 0.008511 0.006813 0.004265 0.005438 
0.002155 0.003257 0.004739 0.016784 0.025289 0.046806 0.975958 0.120912 0.135478 0.002242 0.001824 0.077746 6.79E-4 0.915766 0.003357 0.001664 0.005936 0.003831 0.009238 0.282205 0.010843 0.019384 0.009303 0.012632 0.003392 0.002299 0.008606 
0.004408 0.002996 0.006101 0.012609 0.007551 0.020393 0.398896 0.932303 0.568354 0.002901 0.001404 0.037237 0.001122 0.687653 0.002578 0.002019 0.004152 0.005106 0.004814 0.234926 0.080171 0.041479 0.023257 0.011342 0.005131 0.002557 0.006251 
0.008665 0.008848 0.017005 0.00977 0.011433 0.018784 0.113817 0.925838 0.009977 0.007311 0.002701 0.015601 0.002153 0.575078 0.006872 0.003428 0.004942 0.005151 0.006932 0.796751 0.046984 0.023084 0.050136 0.012397 0.007885 0.004489 0.008859 
0.008856 0.0077 0.013093 0.02189 0.008901 0.012534 0.675375 0.131831 0.190903 0.008592 0.003288 0.012402 0.002537 0.123501 0.010157 0.006054 0.005406 0.006835 0.01303 0.279039 0.044661 0.021792 0.023915 0.010845 0.016446 0.005754 0.009967 
0.004368 0.005252 0.007387 0.00486 0.010021 0.057264 0.99499 0.531127 0.883789 0.003786 0.001632 0.141137 0.001222 0.001463 0.004248 0.002446 0.004391 0.003561 0.005907 0.400883 0.088701 0.043835 0.026725 0.006592 0.003726 0.002319 0.00378 
0.005921 0.00571 0.009369 0.009261 0.006672 0.015137 0.542992 0.28023 0.608759 0.004195 0.001953 0.011427 0.008543 0.985246 0.005707 0.004194 0.005299 0.003901 0.007492 0.471568 0.061695 0.023326 0.038865 0.008406 0.008223 0.007506 0.011794 
0.004428 0.003104 0.004158 0.012337 0.074191 0.021608 0.113276 0.798142 0.781092 0.002509 0.002952 0.098373 0.001626 0.795642 0.012954 0.003064 0.014338 0.006496 0.004359 0.873536 0.015591 0.012173 0.007975 0.009426 0.004372 0.002531 0.008109 
0.004187 0.003592 0.005006 0.019322 0.010388 0.010574 0.158406 0.374346 0.318345 0.003498 0.002317 0.01128 0.001399 0.901496 0.016757 0.004883 0.005931 0.00725 0.004085 0.298201 0.059339 0.017462 0.00781 0.013506 0.012598 0.005954 0.010058 
0.007114 0.005338 0.010615 0.008739 0.007618 0.012173 0.968778 0.91189 0.156694 0.00486 0.001475 0.010644 0.007711 0.014854 0.006068 0.002857 0.003082 0.002954 0.005344 0.56743 0.063835 0.019498 0.04851 0.008711 0.007362 0.00661 0.010923 
0.004867 0.006384 0.007931 0.014538 0.013721 0.013725 0.165277 0.318791 0.326774 0.005492 0.003848 0.009744 0.002302 0.533 0.003969 0.0021 0.0074 0.005517 0.003138 0.548472 0.031204 0.014171 0.0148 0.013677 0.00455 0.003829 0.008787 
0.005926 0.006803 0.007546 0.020437 0.006548 0.018132 0.775305 0.864255 0.544682 0.005045 0.003126 0.00896 0.002043 0.036878 0.01147 0.002566 0.005087 0.005685 0.004398 0.389587 0.023386 0.023738 0.018815 0.012088 0.008285 0.002656 0.021803 
0.004002 0.002554 0.004122 0.01301 0.00441 0.014517 0.292832 0.73948 0.804521 0.003611 0.001559 0.034125 0.001407 0.52474 0.003553 0.004638 0.003176 0.007113 0.003146 0.034777 0.099225 0.04353 0.016699 0.008931 0.009824 0.005436 0.008785 
0.010206 0.009037 0.009244 0.025185 0.017851 0.019551 0.260206 0.187383 0.355033 0.007956 0.003218 0.012297 0.004212 0.53169 0.015506 0.008358 0.007323 0.01136 0.006693 0.383914 0.054132 0.024704 0.014085 0.032408 0.010933 0.00854 0.021359 
0.009752 0.008586 0.016443 0.015363 0.008299 0.011506 0.489655 0.886564 0.815987 0.008911 0.00284 0.016934 0.002708 0.446801 0.014513 0.007104 0.004479 0.010851 0.008155 0.653457 0.056785 0.026618 0.028969 0.016276 0.011326 0.008657 0.012349 
0.008309 0.006421 0.010316 0.017569 0.015511 0.017504 0.757839 0.786201 0.278839 0.005588 0.00312 0.012836 0.002162 0.72309 0.012375 0.010638 0.005758 0.012457 0.007412 0.034834 0.043088 0.025459 0.016112 0.02262 0.013514 0.010737 0.017859 
0.009846 0.006426 0.011348 0.011023 0.004797 0.026354 0.602537 0.472123 0.27897 0.006852 0.003103 0.009882 0.010378 0.645072 0.003804 0.003844 0.003922 0.00502 0.016956 0.918922 0.036653 0.016821 0.028978 0.016234 0.009952 0.008997 0.01372 
0.012235 0.006924 0.020895 0.008402 0.004411 0.01303 0.245667 0.399094 0.256528 0.007692 0.001269 0.014932 0.001466 0.887883 0.003116 0.002949 0.002115 0.00353 0.00516 0.517861 0.091074 0.02185 0.01885 0.007397 0.005198 0.003659 0.004902 
0.003522 0.003969 0.004426 0.007563 0.003593 0.008626 0.635186 0.686182 0.504324 0.003692 0.001351 0.008757 0.001427 0.376689 0.007491 0.004288 0.002114 0.003794 0.011759 0.875721 0.008069 0.012713 0.043476 0.004977 0.007746 0.00398 0.004557 
0.005342 0.003357 0.005502 0.0168 0.035722 0.024079 0.908438 0.144527 0.622391 0.004036 0.001971 0.076724 0.001619 0.370486 0.022799 0.004109 0.011507 0.005442 0.005504 0.091558 0.013049 0.024174 0.007546 0.010121 0.008386 0.003254 0.006592 
0.015142 0.008768 0.023547 0.007282 0.004488 0.017117 0.18184 0.522232 0.741304 0.008941 0.001815 0.014118 0.001942 0.433423 0.003255 0.003758 0.002647 0.003773 0.006608 0.40233 0.081439 0.025879 0.023179 0.005584 0.005033 0.00349 0.004348 
0.006444 0.008161 0.009961 0.023972 0.01007 0.014098 0.687129 0.749848 0.239492 0.007322 0.003498 0.013499 0.002665 0.40732 0.0108 0.010044 0.005826 0.008314 0.003871 0.286446 0.071074 0.021066 0.018463 0.016177 0.021222 0.008508 0.012751 
0.00526 0.004908 0.005314 0.013472 0.006216 0.019423 0.829581 0.068028 0.098756 0.003891 0.001839 0.045681 0.001623 0.968546 0.00271 0.001732 0.004197 0.004267 0.004125 0.769934 0.086037 0.035193 0.026862 0.009873 0.003132 0.002937 0.006909 
0.005043 0.005042 0.007793 0.047297 0.00476 0.012806 0.822182 0.441589 0.465662 0.004443 0.001755 0.011684 0.001492 0.446216 0.004007 0.00379 0.003252 0.006654 0.002168 0.829562 0.060597 0.052107 0.012402 0.017805 0.012736 0.006522 0.013306 
0.00151 0.002658 0.003477 0.010807 0.041971 0.064605 0.855347 0.371723 0.176519 0.001635 0.001696 0.112702 5.82E-4 0.828215 0.003811 0.001399 0.005878 0.003298 0.005926 0.760436 0.021277 0.029925 0.014566 0.007196 0.004021 0.001902 0.005248 
0.007709 0.008015 0.0114 0.020467 0.013001 0.020637 0.634579 0.910536 0.338604 0.006071 0.003544 0.019009 0.002611 0.206431 0.015292 0.004671 0.006676 0.007012 0.00909 0.380848 0.050011 0.017163 0.019479 0.014523 0.010529 0.006004 0.009695 
0.00272 0.004072 0.00655 0.065191 0.006299 0.020294 0.709639 0.562879 0.513679 0.003578 0.001023 0.009847 6.64E-4 0.176661 0.00409 0.002925 0.003 0.006848 0.001956 0.982941 0.01273 0.078414 0.022409 0.017075 0.018473 0.009006 0.010373 
0.004176 0.00461 0.006212 0.036394 0.004921 0.010575 0.23309 0.347186 0.952528 0.004427 0.001683 0.015234 0.001524 0.253718 0.003798 0.003199 0.002582 0.005654 0.002467 0.768058 0.151055 0.046355 0.007086 0.017919 0.008799 0.005353 0.011434 
0.013606 0.010387 0.018058 0.012144 0.011841 0.018547 0.846711 0.020618 0.598629 0.010265 0.002869 0.024592 0.002791 0.681479 0.011877 0.004129 0.007274 0.005231 0.014198 0.339986 0.047324 0.035029 0.026005 0.012099 0.007966 0.004012 0.008419 
0.004309 0.008275 0.010026 0.008446 0.012211 0.061158 0.361933 0.744558 0.516657 0.005546 0.002099 0.106272 0.001682 0.842178 0.007981 0.004732 0.006323 0.005348 0.003501 0.60219 0.048515 0.037404 0.02079 0.009507 0.006002 0.0079 0.006128 
0.005191 0.004227 0.008885 0.017891 0.006497 0.009685 0.319068 0.637306 0.120508 0.004185 0.001315 0.010495 0.001511 0.073842 0.007415 0.003462 0.00305 0.005502 0.011524 0.379605 0.033714 0.012549 0.045505 0.017477 0.007453 0.004579 0.009304 
0.014382 0.019814 0.014019 0.010809 0.006586 0.022069 0.757884 0.276345 0.588362 0.017747 0.008778 0.006093 0.006863 0.622324 0.002911 0.006684 0.008849 0.006753 0.01042 0.74247 0.008617 0.008357 0.033272 0.006322 0.012009 0.007066 0.007417 
0.007064 0.005276 0.007544 0.012991 0.008079 0.01616 0.859846 0.077343 0.580618 0.00507 0.001969 0.009133 0.001572 0.338535 0.009445 0.00279 0.003931 0.003903 0.004727 0.729322 0.018152 0.031275 0.016019 0.008782 0.007894 0.002828 0.01273 
0.00245 0.003714 0.003925 0.059347 0.003787 0.018243 0.436933 0.397228 0.564996 0.002753 0.001242 0.004054 9.04E-4 0.479419 0.002858 0.002689 0.002347 0.005783 0.00223 0.374711 0.016645 0.060118 0.017298 0.006541 0.016801 0.009779 0.007723 
0.007807 0.007775 0.010713 0.022557 0.007394 0.01185 0.608808 0.048602 0.258446 0.008782 0.003811 0.010519 0.003676 0.169242 0.010753 0.004452 0.004467 0.008333 0.009096 0.809377 0.0538 0.0168 0.019543 0.014397 0.010082 0.005651 0.011291 
0.01107 0.006503 0.009056 0.011931 0.012822 0.014644 0.36192 0.206037 0.615532 0.007212 0.003709 0.04778 0.002932 0.768245 0.012501 0.00526 0.008282 0.006664 0.014809 0.287015 0.024533 0.02387 0.011535 0.011357 0.010322 0.00485 0.007707 
0.017623 0.007824 0.02219 0.008165 0.004881 0.012341 0.887031 0.501903 0.611237 0.011161 0.001286 0.014279 0.00218 0.425497 0.003986 0.003659 0.001607 0.004909 0.009362 0.758195 0.049909 0.020423 0.022481 0.009049 0.005406 0.004501 0.006419 
0.004142 0.003303 0.004804 0.029158 0.002888 0.013808 0.62945 0.953813 0.207032 0.003016 0.001065 0.022557 7.93E-4 0.073596 0.003484 0.002802 0.002144 0.004775 0.003878 0.05734 0.166012 0.03867 0.006515 0.013319 0.008078 0.004921 0.009111 
0.011614 0.011818 0.016633 0.017649 0.015349 0.024876 0.746185 0.229469 0.067383 0.010434 0.003794 0.021618 0.002885 0.085552 0.01398 0.004483 0.0092 0.008739 0.006859 0.437418 0.051428 0.045439 0.021497 0.019282 0.009235 0.005925 0.01292 
0.007932 0.005141 0.006029 0.009304 0.009284 0.027566 0.922338 0.951907 0.708671 0.004841 0.002848 0.053522 0.002548 0.076273 0.006043 0.004439 0.003865 0.002789 0.004828 0.831189 0.053076 0.072443 0.016151 0.00611 0.010251 0.003123 0.00393 
0.005775 0.004153 0.008096 0.018503 0.009879 0.015544 0.014362 0.637151 0.864622 0.004172 0.002116 0.011635 0.001732 0.651269 0.008685 0.003143 0.004731 0.004704 0.013148 0.877574 0.031041 0.021618 0.019573 0.01315 0.00801 0.004092 0.007334 
0.006875 0.008324 0.01354 0.012946 0.008792 0.020148 0.404338 0.219901 0.266242 0.006382 0.002801 0.016288 0.012152 0.354081 0.006185 0.002575 0.005058 0.005865 0.005063 0.425483 0.056472 0.026559 0.066837 0.014342 0.011583 0.011038 0.015813 
0.010296 0.00558 0.014464 0.007336 0.007395 0.012431 0.48223 0.607416 0.433435 0.006926 0.001379 0.019848 0.001658 0.588366 0.006243 0.002606 0.003231 0.003631 0.007089 0.89641 0.056243 0.025011 0.025165 0.007066 0.004348 0.003416 0.004714 
0.002397 0.003147 0.004571 0.065348 0.004283 0.014411 0.49652 0.412804 0.702765 0.003297 8.78E-4 0.009063 0.001063 0.014764 0.006369 0.004406 0.002821 0.0061 0.003087 0.298284 0.013788 0.058527 0.018894 0.00778 0.019091 0.009192 0.007445 
0.007738 0.008811 0.011446 0.028563 0.011712 0.01444 0.132615 0.544418 0.121 0.008073 0.004325 0.018432 0.004434 0.874943 0.015503 0.007352 0.006178 0.011012 0.007043 0.253749 0.016338 0.021301 0.027015 0.018427 0.015593 0.008321 0.016347 
0.010318 0.00729 0.009185 0.030129 0.015705 0.018057 0.670797 0.887861 0.898799 0.006366 0.004283 0.017578 0.002361 0.842949 0.011641 0.013262 0.008995 0.016454 0.009392 0.855772 0.023805 0.034109 0.014336 0.019482 0.021726 0.013891 0.018445 
0.004821 0.002699 0.003893 0.017402 0.008082 0.023791 0.117489 0.883737 0.382569 0.003281 0.001588 0.03318 0.001896 0.387863 0.007889 0.002823 0.00495 0.005388 0.00541 0.746182 0.076175 0.059221 0.015845 0.011616 0.004809 0.003418 0.008138 
0.007867 0.00594 0.009851 0.010538 0.004968 0.009736 0.472598 0.236387 0.464699 0.005509 0.002621 0.009162 0.002044 0.234303 0.007393 0.004458 0.002873 0.005949 0.007636 0.712711 0.037476 0.014331 0.030027 0.009946 0.009431 0.004627 0.008243 
0.003897 0.005543 0.00666 0.011324 0.010501 0.009983 0.189471 0.515375 0.606442 0.004626 0.002594 0.016213 0.001488 0.544522 0.003308 0.00293 0.004646 0.003234 0.002806 0.816911 0.046408 0.013612 0.010843 0.006625 0.006175 0.003652 0.004544 
0.00537 0.005751 0.007251 0.044619 0.003898 0.016856 0.489126 0.909139 0.878873 0.004589 0.001954 0.007715 0.001536 0.845351 0.0024 0.004026 0.002957 0.006607 0.004159 0.071285 0.073538 0.034424 0.008931 0.015126 0.012598 0.006298 0.014053 
0.002262 0.001719 0.002118 0.005067 0.00429 0.016014 0.048875 0.170625 0.919777 0.001536 7.02E-4 0.007772 8.42E-4 0.399193 0.005406 0.00284 0.002078 0.001569 0.020699 0.763496 0.008618 0.010879 0.036921 0.004048 0.006159 0.001912 0.002928 
0.003 0.003772 0.003606 0.006754 0.012441 0.00623 0.233374 0.498228 0.65252 0.003027 0.002455 0.006573 0.001958 0.277611 0.004397 0.00229 0.005729 0.00327 0.002903 0.795955 0.147527 0.006106 0.007225 0.006143 0.00548 0.003034 0.004075 
0.007127 0.006969 0.009838 0.016237 0.014849 0.013839 0.507602 0.278211 0.751224 0.006589 0.004141 0.014212 0.003846 0.072831 0.006582 0.002289 0.007485 0.003416 0.005777 0.871452 0.029905 0.019116 0.015673 0.010502 0.009242 0.003918 0.006232 
0.002171 0.002045 0.002205 0.004496 0.003348 0.012477 0.80532 0.633983 0.182228 0.001676 0.001016 0.005224 7.19E-4 0.229306 0.003204 7.09E-4 0.002023 0.001427 0.017452 0.475235 0.008273 0.008545 0.033223 0.002976 0.002632 6.93E-4 0.002564 
0.007382 0.008192 0.011148 0.015618 0.009264 0.036873 0.726741 0.801172 0.946009 0.005999 0.002354 0.010563 0.001898 0.678569 0.011624 0.002076 0.004772 0.005549 0.003674 0.314784 0.020465 0.019393 0.013584 0.006384 0.007002 0.003084 0.012472 
0.007462 0.012078 0.011583 0.010161 0.014876 0.059332 0.92581 0.389193 0.817635 0.008854 0.004334 0.068386 0.002717 0.740008 0.007231 0.005165 0.007528 0.007977 0.005933 0.794589 0.042071 0.033612 0.041477 0.009525 0.007813 0.007859 0.010145 
0.006105 0.006416 0.0102 0.006477 0.009916 0.029443 0.430595 0.132039 0.6522 0.005316 0.002473 0.112114 0.001283 0.452822 0.005465 0.004113 0.005851 0.005821 0.005044 0.597045 0.060531 0.064597 0.019339 0.006971 0.005959 0.005461 0.006082 
0.003131 0.004568 0.006475 0.061783 0.00429 0.017039 0.880457 0.883962 0.121354 0.003602 0.001114 0.007139 0.001304 0.196277 0.003218 0.003875 0.001941 0.007172 0.003453 0.691712 0.007335 0.059863 0.02253 0.011842 0.020228 0.012334 0.010235 
0.010083 0.00427 0.012306 0.004701 0.00499 0.00928 0.899776 0.41377 0.12544 0.006023 0.001261 0.013609 0.001263 0.502746 0.004587 0.002292 0.001686 0.003253 0.004249 0.856351 0.053145 0.031679 0.029463 0.005765 0.004319 0.001983 0.003795 
0.004301 0.005528 0.006098 0.008978 0.012014 0.009211 0.496799 0.560857 0.067785 0.004217 0.003223 0.011529 0.0016 0.494456 0.005286 0.002134 0.006429 0.004063 0.003609 0.981596 0.039865 0.01054 0.009857 0.007541 0.005886 0.003428 0.006107 
0.005484 0.00437 0.011009 0.014627 0.011208 0.012485 0.89748 0.527883 0.827142 0.004204 0.00187 0.02197 0.001048 0.032073 0.010937 0.003161 0.003417 0.004379 0.014969 0.332118 0.025558 0.026989 0.026553 0.014182 0.007365 0.003391 0.008256 
0.00238 0.003317 0.002789 0.007642 0.094367 0.031156 0.511008 0.431462 0.720723 0.002011 0.002074 0.410276 6.1E-4 0.337845 0.012245 0.001526 0.01562 0.002787 0.001724 0.997616 0.015246 0.094508 0.007701 0.004381 0.003234 0.001846 0.003175 
0.007395 0.00552 0.014289 0.005464 0.004235 0.011487 0.753736 0.533163 0.267748 0.006476 0.001199 0.015531 0.001235 0.954755 0.002248 0.002851 0.001782 0.003231 0.005509 0.267194 0.052123 0.016994 0.022462 0.006814 0.003995 0.002272 0.004304 
0.005655 0.004082 0.007148 0.016263 0.005597 0.00807 0.386423 0.925869 0.737633 0.003446 0.001677 0.013185 0.001389 0.740844 0.003941 0.002408 0.003353 0.002871 0.003387 0.248952 0.097922 0.029732 0.005528 0.009282 0.005713 0.002829 0.006597 
0.003501 0.003844 0.009325 0.013736 0.007188 0.023868 0.455844 0.529746 0.511874 0.003449 0.001476 0.038774 7.29E-4 0.829081 0.005892 0.001491 0.00287 0.002972 0.002505 0.99259 0.052856 0.090741 0.023514 0.010345 0.007031 0.002605 0.005408 
0.00886 0.010535 0.013105 0.022737 0.010098 0.012035 0.703797 0.863065 0.411314 0.010663 0.002926 0.015882 0.005202 0.421746 0.009829 0.00614 0.004036 0.008817 0.012271 0.610688 0.048825 0.020414 0.020302 0.027687 0.010227 0.006226 0.013211 
0.004635 0.005494 0.01062 0.016451 0.007775 0.008041 0.541518 0.326176 0.133395 0.004623 0.00203 0.012856 0.001734 0.880847 0.013871 0.003369 0.004653 0.004301 0.003528 0.066677 0.025455 0.018995 0.042182 0.01333 0.009194 0.004883 0.008409 
0.007297 0.008275 0.012144 0.012124 0.01179 0.011749 0.475354 0.029668 0.333373 0.008115 0.003075 0.016795 0.002952 0.472321 0.0105 0.005072 0.00608 0.00496 0.003663 0.772207 0.047038 0.036579 0.015216 0.008861 0.01003 0.004761 0.00696 
0.015213 0.009017 0.011862 0.029335 0.009961 0.019276 0.213285 0.219656 0.629908 0.008819 0.004648 0.01261 0.002654 0.40628 0.013321 0.008109 0.011087 0.012581 0.01256 0.551962 0.041303 0.015346 0.017804 0.016474 0.013748 0.00993 0.015678 
0.011021 0.011296 0.01432 0.018467 0.012745 0.014996 0.298499 0.856656 0.695691 0.011995 0.004472 0.019809 0.004864 0.384314 0.010384 0.008372 0.00657 0.011689 0.004671 0.926169 0.086915 0.020999 0.017838 0.038436 0.009897 0.009493 0.018668 
0.003182 0.003233 0.006427 0.019125 0.036694 0.052112 0.859593 0.177794 0.83136 0.003041 0.001707 0.10722 0.001174 0.706108 0.004368 0.002499 0.004275 0.004176 0.003415 0.098337 0.028951 0.024513 0.013865 0.008553 0.005004 0.003199 0.006958 
0.002644 0.003584 0.004817 0.020154 0.046727 0.056865 0.085903 0.43899 0.148465 0.002674 0.001681 0.052324 0.001028 0.781723 0.006926 0.002716 0.004572 0.002438 0.006012 0.963468 0.008632 0.045591 0.011097 0.007004 0.008566 0.002428 0.006939 
0.003276 0.004475 0.004467 0.013446 0.017043 0.012139 0.816527 0.570548 0.960917 0.003129 0.003523 0.015254 0.002542 0.695307 0.006974 0.003298 0.007848 0.005974 0.005212 0.844833 0.150311 0.015637 0.007504 0.012857 0.010676 0.00604 0.008312 
0.019158 0.008254 0.027385 0.006165 0.004581 0.016239 0.985457 0.957139 0.601543 0.011205 0.001603 0.01029 0.001899 0.439923 0.002373 0.003015 0.002448 0.003857 0.007545 0.630573 0.09348 0.017299 0.015781 0.006292 0.00471 0.003842 0.004473 
0.00698 0.003298 0.006752 0.015329 0.007579 0.022667 0.816855 0.956435 0.085398 0.00436 0.001684 0.037952 0.0017 0.444542 0.004135 0.001911 0.004236 0.005267 0.003562 0.055953 0.10731 0.035584 0.025153 0.010163 0.005557 0.003274 0.007461 
0.009718 0.008898 0.012858 0.020823 0.007716 0.009705 0.808571 0.013795 0.951197 0.009774 0.002356 0.011696 0.003102 0.473711 0.009055 0.004093 0.003743 0.007428 0.005515 0.596022 0.058586 0.016852 0.014763 0.014209 0.011421 0.005152 0.01172 
0.005907 0.004781 0.006777 0.028971 0.006075 0.015934 0.801912 0.178828 0.959875 0.004323 0.002105 0.008756 0.0014 0.550495 0.007645 0.004284 0.003862 0.009387 0.006179 0.006011 0.021889 0.015942 0.020879 0.009509 0.01225 0.005502 0.015128 
0.005482 0.007646 0.010309 0.006186 0.016044 0.059956 0.23688 0.860099 0.631931 0.00453 0.002116 0.121926 9.89E-4 0.401883 0.006991 0.003623 0.006862 0.004479 0.004881 0.159048 0.043075 0.038653 0.032792 0.007046 0.006501 0.004647 0.004918 
0.004676 0.001934 0.003325 0.011186 0.074459 0.021523 0.44433 0.848597 0.466202 0.003863 0.001436 0.115062 0.001379 0.050646 0.009372 0.004197 0.014128 0.004429 0.0071 0.880066 0.008805 0.01413 0.006359 0.008014 0.009894 0.004586 0.005285 
0.003838 0.003304 0.010649 0.01736 0.008493 0.01485 0.18839 0.914135 0.585426 0.003187 0.001377 0.014751 8.61E-4 0.97393 0.008628 0.003165 0.003273 0.005968 0.00551 0.291498 0.050243 0.021125 0.03696 0.009011 0.009919 0.004811 0.007956 
0.003971 0.004789 0.004953 0.01922 0.007667 0.009428 0.971592 0.469359 0.991307 0.004945 0.002365 0.01518 0.002026 0.150097 0.009478 0.003453 0.003363 0.006381 0.004 0.933229 0.041108 0.031357 0.009647 0.016043 0.009554 0.004388 0.010693 
0.004708 0.005077 0.005599 0.012037 0.067415 0.024646 0.847333 0.543045 0.005653 0.005015 0.005215 0.090606 0.002615 0.162325 0.017945 0.003272 0.019314 0.003373 0.005957 0.07045 0.014139 0.016307 0.01047 0.006182 0.00621 0.003727 0.005227 
0.006528 0.006108 0.009819 0.023683 0.010424 0.015473 0.308077 0.290926 0.006108 0.005638 0.003007 0.016193 0.001799 0.277439 0.00867 0.005672 0.005674 0.006675 0.009144 0.826998 0.049868 0.018973 0.030696 0.016884 0.013168 0.007268 0.011733 
0.003508 0.004238 0.004402 0.026136 0.081651 0.024048 0.173572 0.489915 0.411422 0.003651 0.002379 0.074842 0.001262 0.694873 0.019128 0.003491 0.013711 0.00567 0.003016 0.404958 0.010531 0.011755 0.008694 0.015266 0.006952 0.002871 0.009759 
0.005525 0.011669 0.011119 0.009624 0.010937 0.056116 0.740527 0.877764 0.875414 0.00713 0.005241 0.085405 0.002736 0.662352 0.005455 0.00527 0.009647 0.006701 0.006111 0.076593 0.05226 0.067584 0.02672 0.011048 0.007564 0.005671 0.007779 
0.008186 0.009086 0.012791 0.024424 0.017276 0.018756 0.914188 0.270832 0.321023 0.007596 0.00303 0.012375 0.002478 0.227811 0.007825 0.005964 0.009276 0.010962 0.00519 0.775028 0.044664 0.022083 0.023822 0.046176 0.01037 0.007636 0.019589 
0.005195 0.006613 0.010562 0.011603 0.011144 0.015394 0.808281 0.298105 0.50115 0.004691 0.002761 0.015307 0.010519 0.768335 0.006274 0.001647 0.006233 0.002246 0.003758 0.02193 0.042291 0.0246 0.061643 0.009626 0.010011 0.00892 0.014579 
0.006919 0.009858 0.01281 0.043932 0.013262 0.010843 0.714643 0.796816 0.50455 0.009236 0.004868 0.01881 0.003166 0.142766 0.010839 0.012026 0.008125 0.016258 0.004087 0.606537 0.056436 0.01445 0.014389 0.025952 0.030229 0.016363 0.021539 
0.002566 0.003571 0.005115 0.020617 0.036798 0.075387 0.489984 0.712025 0.617601 0.002451 0.002434 0.050287 8.59E-4 0.487911 0.004841 0.001506 0.005283 0.003559 0.005178 0.424253 0.023136 0.016795 0.011624 0.008733 0.005151 0.002582 0.006415 
0.010559 0.008356 0.01497 0.019335 0.009208 0.013612 0.763263 0.312386 0.829914 0.007627 0.003321 0.014768 0.002104 0.584523 0.008453 0.006733 0.005741 0.01015 0.009797 0.932469 0.063167 0.020799 0.017248 0.021903 0.017976 0.006441 0.017388 
0.004218 0.00457 0.010167 0.01255 0.005854 0.056313 0.202616 0.89597 0.001799 0.004098 0.001737 0.047894 0.001081 0.190025 0.005564 0.002196 0.002912 0.003199 0.001877 0.729036 0.024395 0.053701 0.022849 0.00919 0.009599 0.002953 0.005103 
0.007743 0.007074 0.009989 0.02131 0.015692 0.021273 0.397357 0.437947 0.744067 0.005967 0.00333 0.023532 0.001982 0.772656 0.013281 0.005118 0.009217 0.009248 0.009666 0.522315 0.061068 0.048729 0.021162 0.019655 0.011693 0.006801 0.014206 
0.011577 0.008618 0.01262 0.020236 0.015501 0.019932 0.630205 0.035423 0.40773 0.009498 0.003734 0.015958 0.004459 0.513815 0.009407 0.008631 0.008755 0.008558 0.011416 0.325653 0.049902 0.035475 0.018293 0.010352 0.010249 0.007218 0.010956 
0.00499 0.004106 0.008441 0.016438 0.00531 0.019324 0.402089 0.155222 0.283595 0.004046 0.001547 0.051316 0.001402 6.59E-4 0.00608 0.002839 0.002539 0.005032 0.002883 0.091872 0.041423 0.058292 0.015662 0.014179 0.009732 0.004154 0.009129 
0.01261 0.009367 0.012056 0.024804 0.016237 0.018019 0.783102 0.319302 0.88522 0.009465 0.004305 0.025651 0.003947 0.910802 0.014809 0.007686 0.010506 0.014139 0.008693 0.931616 0.029798 0.042107 0.01303 0.016866 0.014519 0.009923 0.016506 
0.004419 0.005354 0.012403 0.008655 0.005469 0.011949 0.790045 0.199925 0.16869 0.004628 0.001469 0.014351 8.67E-4 0.427194 0.003425 0.002077 0.002224 0.003331 0.002583 0.958534 0.027636 0.015865 0.05015 0.006849 0.003572 0.002481 0.004836 
0.01408 0.01102 0.020346 0.011617 0.014302 0.015664 0.922563 0.832708 0.213022 0.011744 0.003391 0.023076 0.002879 0.259401 0.010746 0.0038 0.006839 0.005656 0.01166 0.785776 0.066495 0.030901 0.028662 0.014809 0.00522 0.004603 0.008424 
0.003193 0.002915 0.003708 0.054405 0.004767 0.017769 0.37406 0.950838 0.513563 0.001974 9.48E-4 0.018895 9.9E-4 0.981993 0.003277 0.002243 0.002141 0.005523 0.002668 0.013656 0.091597 0.046338 0.007323 0.016571 0.009809 0.003948 0.013208 
0.006127 0.00693 0.01147 0.011497 0.010255 0.015575 0.615329 0.828982 0.399067 0.007128 0.0027 0.014388 0.010661 0.935114 0.003286 0.002752 0.004049 0.003572 0.003916 0.619387 0.08022 0.02704 0.051073 0.00816 0.010034 0.009254 0.013906 
0.009875 0.008244 0.011347 0.027209 0.008983 0.018806 0.330202 0.06616 0.28182 0.008411 0.003188 0.012412 0.003989 0.275431 0.012873 0.005384 0.005157 0.008376 0.007073 0.890036 0.041478 0.0125 0.021658 0.016329 0.010394 0.006213 0.012851 
0.006266 0.006301 0.011362 0.010446 0.006029 0.01196 0.395804 0.754153 0.553483 0.005649 0.002647 0.009555 0.010096 0.547287 0.00253 0.004079 0.003442 0.004277 0.004403 0.700225 0.028719 0.0216 0.058029 0.009386 0.009681 0.008773 0.013011 
0.005791 0.007204 0.010624 0.041138 0.004593 0.010527 0.896405 0.178899 0.049469 0.006013 0.002407 0.010554 0.002561 0.746551 0.00417 0.00388 0.00314 0.005156 0.00222 0.862339 0.108896 0.050561 0.01403 0.015246 0.011915 0.0052 0.011243 
0.003146 0.003739 0.00581 0.074193 0.003732 0.016617 0.140499 0.667682 0.433369 0.003375 9.52E-4 0.006632 7.03E-4 0.648027 0.003467 0.004889 0.002147 0.008534 0.002506 0.81492 0.011084 0.055967 0.014276 0.014754 0.0227 0.01269 0.013525 
0.001629 0.00155 0.004243 0.005048 0.003572 0.046908 0.054297 0.481657 0.809914 0.001449 7.09E-4 0.027429 3.49E-4 0.851806 0.004094 8.6E-4 0.001711 0.001153 8.55E-4 0.351098 0.035679 0.131392 0.013401 0.004454 0.003286 0.001066 0.002378 
0.010129 0.004369 0.01181 0.007918 0.005862 0.02132 0.867727 0.007507 0.94602 0.00659 0.002992 0.039564 0.002027 0.688933 0.005802 0.001922 0.003308 0.003454 0.00863 0.711764 0.069998 0.057091 0.016161 0.00695 0.003808 0.00193 0.004245 
0.006682 0.006093 0.009664 0.01579 0.007618 0.01335 0.867883 0.244596 0.808613 0.004421 0.001721 0.014334 0.001262 0.640929 0.006774 0.002907 0.003649 0.003918 0.013339 0.271453 0.028194 0.014005 0.037965 0.011051 0.007141 0.002692 0.006822 
0.004872 0.004504 0.008054 0.006416 0.009286 0.0373 0.203676 0.616421 0.559678 0.00361 0.001642 0.100506 0.001299 0.269011 0.007289 0.003086 0.00457 0.005595 0.003325 0.69765 0.081404 0.035141 0.049048 0.007732 0.006062 0.004931 0.006791 
0.003611 0.005476 0.006828 0.013989 0.017281 0.013845 0.658856 0.618091 0.961965 0.00491 0.003033 0.012399 0.001902 0.567144 0.005081 0.002502 0.006879 0.003505 0.002042 0.402352 0.14285 0.015541 0.013238 0.006284 0.007368 0.003824 0.004883 
0.00324 0.002938 0.003007 0.010006 0.089624 0.034407 0.984448 0.105124 0.729372 0.001728 0.001566 0.297545 4.98E-4 0.745093 0.009337 0.001402 0.013052 0.002287 0.003443 0.317805 0.012896 0.108012 0.00623 0.007473 0.002515 0.001334 0.004769 
0.003566 0.00444 0.005846 0.034847 0.004057 0.011564 0.053 0.719802 0.216647 0.003411 0.001571 0.006046 0.001109 0.110408 0.008741 0.003875 0.002041 0.007655 0.002076 0.442904 0.022226 0.016444 0.01585 0.008636 0.012193 0.006363 0.011016 
0.005736 0.005332 0.005425 0.018337 0.009108 0.022088 0.645659 0.622924 0.413238 0.00449 0.001894 0.011856 0.001441 0.522928 0.011572 0.002533 0.004225 0.005898 0.006604 0.213778 0.016567 0.023956 0.013443 0.008738 0.007536 0.002898 0.02009 
0.00589 0.00617 0.009051 0.00622 0.009352 0.039251 0.127579 0.666839 0.119675 0.005291 0.002469 0.094851 0.001418 0.01792 0.006188 0.003841 0.006024 0.004178 0.007937 0.555308 0.039403 0.047382 0.032433 0.006927 0.003985 0.004578 0.005597 
0.009324 0.00758 0.013714 0.031396 0.012784 0.014362 0.517344 0.747662 0.811317 0.009156 0.003513 0.018615 0.003059 0.4204 0.009343 0.007782 0.008341 0.008025 0.006002 0.997552 0.064832 0.022629 0.023323 0.016666 0.024001 0.006833 0.012752 
0.00105 0.002318 0.001246 0.003382 0.157142 0.028235 0.480933 0.873219 0.465403 0.001192 0.001725 0.460557 4.21E-4 0.082693 0.011953 0.001501 0.016911 0.001716 0.00181 0.711556 0.011365 0.050858 0.002144 0.002759 0.002608 0.001639 0.00227 
0.003908 0.003117 0.004483 0.023268 0.061215 0.030061 0.559477 0.198737 0.992175 0.002898 0.002079 0.090358 0.00119 0.395366 0.021352 0.004934 0.013508 0.005144 0.006211 0.985237 0.020348 0.030667 0.009036 0.008172 0.007112 0.004677 0.007566 
0.005385 0.002918 0.004363 0.007537 0.003793 0.013167 0.927673 0.79837 0.650812 0.003661 0.001162 0.008879 0.00169 0.501701 0.002459 0.002812 0.002068 0.0029 0.015333 0.250085 0.004932 0.01561 0.04602 0.00422 0.005542 0.002616 0.00432 
0.005394 0.005279 0.00875 0.017838 0.009281 0.015169 0.42896 0.886235 0.008915 0.004411 0.002078 0.012447 0.0015 0.246941 0.011725 0.004032 0.0041 0.008865 0.008789 0.244173 0.036328 0.035155 0.015088 0.014727 0.010704 0.006335 0.011464 
0.017935 0.015466 0.023542 0.014659 0.015664 0.027619 0.657729 0.342421 0.383944 0.013735 0.004392 0.034522 0.004055 0.777146 0.009764 0.003585 0.008885 0.006316 0.009558 0.65392 0.047725 0.066823 0.029154 0.015373 0.006434 0.004147 0.010043 
0.005992 0.004937 0.011198 0.013391 0.008147 0.007146 0.892267 0.927488 0.592667 0.005104 0.002119 0.01564 0.001486 0.051314 0.018127 0.002373 0.004251 0.004694 0.004902 0.744868 0.046766 0.030712 0.018108 0.013378 0.004834 0.00291 0.008216 
0.004641 0.003973 0.004967 0.004097 0.004919 0.019461 0.314621 0.64289 0.617271 0.003649 0.001629 0.008629 0.001322 0.214081 0.005524 0.002663 0.002902 0.001389 0.019566 0.543695 0.00986 0.008807 0.036494 0.001983 0.005841 0.002176 0.001427 
0.001863 0.0026 0.004878 0.073041 0.003646 0.009727 0.260624 0.337812 0.987488 0.002199 8.39E-4 0.008539 7.69E-4 0.798486 0.004704 0.003906 0.001922 0.007906 0.003136 0.619816 0.019852 0.038184 0.016783 0.014406 0.022693 0.012169 0.011015 
0.002971 0.0034 0.005813 0.058104 0.003427 0.012562 0.165298 0.069973 0.15821 0.003022 7.02E-4 0.006313 9.33E-4 0.950034 0.005701 0.005 0.002378 0.005105 0.003971 0.774994 0.017327 0.058052 0.029411 0.008281 0.017079 0.009383 0.00814 
0.004557 0.005003 0.006491 0.009523 0.026101 0.011439 0.599438 0.430069 0.700825 0.004903 0.003964 0.013354 0.002564 0.572239 0.009713 0.00433 0.008636 0.006245 0.003805 0.399075 0.03074 0.014496 0.009871 0.008502 0.008803 0.005839 0.007912 
0.011409 0.006981 0.008033 0.017983 0.017305 0.015148 0.5101 0.976439 0.429915 0.006707 0.004163 0.025427 0.00312 0.523299 0.007872 0.005627 0.008583 0.010771 0.010866 0.946916 0.021805 0.025662 0.009283 0.013737 0.010082 0.006674 0.013627 
0.002112 0.002545 0.003791 0.050025 0.003463 0.014161 0.40297 0.811319 0.944029 0.002164 8.44E-4 0.005887 6.35E-4 0.576776 0.003192 0.004211 0.001914 0.006907 0.001371 0.546977 0.014282 0.052375 0.021511 0.015231 0.025888 0.011531 0.010553 
0.002453 0.002409 0.006124 0.009704 0.003131 0.039561 0.585044 0.654883 0.538526 0.002204 7.4E-4 0.020222 3.53E-4 0.890123 0.002589 9.84E-4 0.001568 0.002075 0.00162 0.145732 0.011383 0.091725 0.029835 0.005947 0.005234 0.001779 0.003448 
0.012818 0.007477 0.023227 0.008334 0.004589 0.012006 0.898548 0.06524 0.004335 0.010382 0.001902 0.010773 0.001772 0.335911 0.003886 0.004138 0.002346 0.004407 0.006819 0.479404 0.071427 0.017742 0.022699 0.008807 0.006741 0.00427 0.005797 
0.003152 0.00467 0.008797 0.010915 0.009125 0.049146 0.662516 0.696314 0.059031 0.003478 0.001803 0.05837 8.69E-4 0.519716 0.008402 0.001223 0.004538 0.002523 0.001332 0.746105 0.035757 0.102325 0.031906 0.006309 0.004439 0.002059 0.004257 
0.010135 0.010082 0.015401 0.021335 0.008974 0.018135 0.584103 0.301953 0.825965 0.009168 0.003645 0.024268 0.002904 0.089612 0.008861 0.005612 0.005784 0.011422 0.008636 0.760343 0.080139 0.043804 0.025049 0.021943 0.009899 0.008617 0.015612 
0.007173 0.004393 0.006649 0.030886 0.01239 0.011683 0.060165 0.656846 0.033692 0.005364 0.002218 0.019337 0.00205 0.990381 0.023062 0.009694 0.004802 0.011948 0.010393 0.095945 0.025738 0.019159 0.008965 0.020044 0.01967 0.00996 0.017726 
0.003436 0.00377 0.005425 0.041844 0.004234 0.010015 0.93612 0.610307 0.232982 0.003791 0.001455 0.009973 0.00163 0.801076 0.004502 0.003777 0.002399 0.006671 0.00297 0.229603 0.084508 0.037016 0.006382 0.010911 0.014269 0.007071 0.011699 
0.002427 0.007015 0.005979 0.006404 0.022081 0.078471 0.815435 0.424085 0.541354 0.00387 0.003168 0.085953 0.001267 0.341065 0.011458 0.004611 0.010515 0.004613 0.002951 0.939003 0.052608 0.026643 0.015903 0.008852 0.006961 0.003539 0.00586 
0.006742 0.006945 0.011283 0.015655 0.008399 0.01454 0.402554 0.675862 0.475786 0.00605 0.002839 0.010525 0.002169 0.248949 0.00926 0.006415 0.004872 0.00702 0.005267 0.290462 0.039545 0.029635 0.016051 0.011901 0.014318 0.006667 0.008325 
7.16E-4 0.001342 8.07E-4 0.006504 0.071104 0.025601 0.459876 0.052192 0.459642 6.9E-4 9.96E-4 0.547215 2.26E-4 0.219681 0.009918 0.001006 0.009936 0.00178 7.68E-4 0.108046 0.010822 0.093805 0.002067 0.003606 0.002069 0.001295 0.002853 
0.001762 0.002064 0.002307 0.011226 0.083633 0.022735 0.057853 0.300117 0.951107 0.001479 0.001059 0.380662 4.04E-4 0.002122 0.010671 0.001771 0.013028 0.002472 0.001877 0.909465 0.022784 0.0941 0.005485 0.005655 0.004741 0.002176 0.004791 
0.013311 0.011513 0.017454 0.021014 0.011902 0.01945 0.636577 0.243504 0.199134 0.010925 0.005076 0.017733 0.003721 0.751779 0.012829 0.005084 0.007905 0.008117 0.011518 0.546313 0.049607 0.024718 0.031943 0.013834 0.011442 0.007251 0.01135 
0.004897 0.00267 0.005149 0.040689 0.005134 0.014484 0.486932 0.084258 0.539311 0.002568 8.43E-4 0.013526 8.24E-4 0.563238 0.003714 0.004104 0.002795 0.005564 0.003455 0.574126 0.065638 0.058883 0.007022 0.015081 0.012706 0.005595 0.011857 
0.00836 0.002227 0.00595 0.017607 0.005678 0.023461 0.439134 0.053824 0.442935 0.003148 7.04E-4 0.007605 0.001523 0.862187 0.008349 0.003586 0.002443 0.007828 0.008689 0.205181 0.036237 0.022977 0.020312 0.009885 0.009758 0.00485 0.011861 
0.006336 0.004889 0.005832 0.01611 0.007065 0.020005 0.437894 0.640194 0.565911 0.004174 0.001898 0.011014 0.001158 0.16294 0.012626 0.002717 0.004483 0.004644 0.007873 0.141663 0.041803 0.019337 0.013748 0.007703 0.006649 0.002821 0.013268 
0.010398 0.010883 0.015501 0.011524 0.007355 0.012691 0.326034 0.708011 0.871322 0.010563 0.002943 0.010303 0.003593 0.143638 0.013582 0.004618 0.003922 0.005874 0.004921 0.156808 0.024074 0.037028 0.021324 0.009228 0.0099 0.004858 0.007238 
0.001195 0.002732 0.00545 0.015522 0.046871 0.039446 0.421006 0.28735 0.399263 0.001869 0.002814 0.095758 6.54E-4 0.170903 0.003964 0.001664 0.005507 0.003757 0.003845 0.582431 0.024257 0.024693 0.015955 0.008953 0.006622 0.002799 0.007235 
0.001478 0.00346 0.003738 0.010368 0.041996 0.054495 0.870475 0.72221 0.40122 0.002285 0.002256 0.11264 8.83E-4 0.338999 0.006094 0.001673 0.004242 0.002091 0.004309 0.132285 0.018611 0.02451 0.006712 0.004389 0.003874 0.001816 0.003231 
0.010576 0.0089 0.011451 0.018826 0.016575 0.019513 0.219077 0.309525 0.986852 0.00934 0.003639 0.01699 0.003795 0.687579 0.009694 0.010839 0.006389 0.013799 0.007127 0.52085 0.074326 0.02381 0.01132 0.035477 0.013755 0.011229 0.02236 
0.012815 0.0046 0.007586 0.024258 0.01393 0.023685 0.625636 0.850608 0.275196 0.004581 0.002258 0.032083 0.00234 0.33787 0.019081 0.009143 0.009357 0.012207 0.009706 0.173883 0.022859 0.066344 0.013777 0.012715 0.013907 0.008908 0.013793 
0.007083 0.005002 0.008837 0.021348 0.006648 0.007251 0.381266 0.393435 0.375052 0.005791 0.002626 0.008047 0.001725 0.053575 0.01008 0.004843 0.004116 0.007066 0.006176 0.506747 0.044563 0.03371 0.009888 0.01575 0.011753 0.005768 0.010799 
0.01391 0.005729 0.007822 0.025821 0.010213 0.013753 0.149607 0.971111 0.525073 0.006281 0.003305 0.014608 0.002992 0.297596 0.015009 0.014416 0.005917 0.019245 0.009031 0.166353 0.026578 0.038175 0.010414 0.0249 0.020017 0.015081 0.020019 
0.013303 0.011676 0.016151 0.021921 0.014928 0.015067 0.269812 0.748747 0.169238 0.012833 0.005768 0.019544 0.003582 0.644366 0.016835 0.005917 0.008564 0.010468 0.008298 0.489619 0.054401 0.025763 0.019887 0.018592 0.010991 0.007778 0.013421 
0.001509 0.003097 0.003614 0.068799 0.002867 0.011028 0.764788 0.534291 0.917057 0.002083 8.12E-4 0.006676 7.0E-4 0.253064 0.003993 0.004356 0.00208 0.009863 0.00215 0.771485 0.019195 0.047045 0.015223 0.015771 0.020544 0.013776 0.013372 
0.001603 0.002612 0.004565 0.010263 0.004995 0.048734 0.497838 0.839254 0.21517 0.002021 0.001204 0.021108 6.02E-4 0.970145 0.002528 0.001158 0.002906 0.001826 8.17E-4 0.487999 0.01958 0.096165 0.021887 0.004065 0.004546 0.001759 0.002743 
0.010419 0.011006 0.01817 0.032703 0.011636 0.015496 0.509839 0.420756 0.693843 0.01057 0.005477 0.017865 0.005762 0.311475 0.009493 0.005271 0.006528 0.008496 0.004736 0.917299 0.045506 0.021956 0.027885 0.025402 0.019024 0.007785 0.014389 
0.005417 0.00267 0.003943 0.007364 0.002475 0.010542 0.750245 0.570256 0.492855 0.003292 0.001192 0.004203 0.001568 0.976632 0.005043 0.003336 0.001548 0.002647 0.016532 0.959141 0.011509 0.010129 0.044918 0.004623 0.007672 0.002883 0.003811 
0.006803 0.005269 0.006298 0.017879 0.004649 0.029445 0.141336 0.531049 0.504811 0.00474 0.001902 0.004799 0.001781 0.715107 0.005519 0.003452 0.003725 0.005573 0.00641 0.467517 0.026664 0.01753 0.021304 0.0095 0.009175 0.003849 0.018737 
0.00198 0.002649 0.003635 0.009272 0.002996 0.011268 0.62545 0.672451 0.199157 0.002075 0.001192 0.006041 0.001035 0.901831 0.003245 0.002593 0.001765 0.001717 0.014889 0.120263 0.009897 0.007253 0.039215 0.004739 0.005778 0.002293 0.00328 
0.010935 0.007647 0.014413 0.022569 0.011769 0.016974 0.571186 0.482305 0.221057 0.00796 0.00263 0.019698 0.001625 0.539996 0.011708 0.007821 0.005178 0.011017 0.008034 0.052211 0.040578 0.024478 0.023426 0.025196 0.010253 0.008343 0.015104 
0.00993 0.010134 0.015976 0.025197 0.010919 0.012345 0.838406 0.213661 0.333668 0.010255 0.002872 0.014743 0.003194 0.397839 0.009109 0.007172 0.005136 0.010272 0.007181 0.162899 0.078161 0.017507 0.02231 0.054335 0.011882 0.007288 0.024295 
0.001586 0.002981 0.002344 0.008979 0.105597 0.036963 0.894236 0.41996 0.597655 0.001284 0.002153 0.408492 3.18E-4 0.239877 0.008991 9.48E-4 0.01667 0.002444 0.001169 0.52698 0.019605 0.075725 0.004617 0.005933 0.002734 0.001531 0.004273 
0.002278 0.002353 0.003793 0.007899 0.003699 0.013225 0.323401 0.531685 0.77431 0.002128 0.001111 0.00825 8.21E-4 0.521122 0.005396 0.010781 0.001992 0.006727 0.011754 0.207158 0.011022 0.014618 0.063728 0.004193 0.013213 0.010027 0.005687 
0.007343 0.00587 0.012888 0.009747 0.006208 0.008747 0.443017 0.348575 0.14234 0.006044 0.002265 0.00892 0.009024 0.041921 0.00586 0.003484 0.002287 0.004791 0.005273 0.123381 0.071048 0.014804 0.052248 0.015181 0.008829 0.007888 0.011618 
0.003537 0.00286 0.005486 0.011953 0.006956 0.010191 0.084997 0.812833 0.884423 0.002637 0.001059 0.035036 7.41E-4 0.244096 0.005787 0.00253 0.00283 0.003632 0.002144 0.600345 0.06262 0.053154 0.011261 0.011868 0.010186 0.003242 0.006214 
0.013157 0.013524 0.020389 0.018423 0.012651 0.023124 0.858353 0.661776 0.147817 0.012501 0.00479 0.021532 0.004417 0.117565 0.01224 0.008024 0.008125 0.009058 0.005817 0.104822 0.032054 0.041812 0.026407 0.016771 0.013821 0.008376 0.012296 
0.00571 0.006101 0.007747 0.016336 0.013321 0.009803 0.566861 0.738257 0.954244 0.005388 0.002912 0.009498 0.003073 0.038002 0.005501 0.003463 0.00533 0.006098 0.006678 0.548009 0.061763 0.012558 0.015559 0.010367 0.014452 0.007512 0.008135 
0.009648 0.009685 0.011794 0.030917 0.013678 0.024917 0.131947 0.288071 0.48838 0.008921 0.005227 0.018408 0.003496 0.250343 0.009957 0.004676 0.009128 0.009718 0.008955 0.753792 0.034023 0.019746 0.023282 0.017451 0.013813 0.007042 0.015202 
0.005441 0.003151 0.005012 0.014569 0.046123 0.020698 0.2472 0.990385 0.331997 0.003678 0.001678 0.099702 0.001399 0.50094 0.022562 0.003034 0.014005 0.002947 0.006168 0.18676 0.013787 0.01722 0.008813 0.008582 0.006114 0.002657 0.005039 
0.001664 0.003567 0.00211 0.00831 0.105448 0.029451 0.138662 0.540223 0.039268 0.001358 0.001866 0.378665 5.38E-4 0.101662 0.008389 0.001718 0.016576 0.002909 0.001242 0.81102 0.009628 0.100148 0.003822 0.00491 0.00294 0.002021 0.004166 
0.006024 0.005203 0.008172 0.016285 0.011156 0.014038 0.870902 0.91788 0.504732 0.005534 0.002672 0.020944 0.001686 0.137304 0.009382 0.007376 0.005034 0.011715 0.004627 0.550811 0.064669 0.028674 0.01248 0.052518 0.009988 0.007041 0.02658 
0.013756 0.015433 0.016865 0.014253 0.017811 0.021912 0.297795 0.083821 0.236129 0.013056 0.007344 0.044097 0.003867 0.337712 0.012477 0.004971 0.011591 0.006315 0.010529 0.597083 0.041154 0.050005 0.016519 0.010308 0.010405 0.005476 0.009337 
0.001103 0.00236 0.001516 0.00491 0.125297 0.027736 0.986098 0.810921 0.116288 8.58E-4 0.001625 0.440837 2.74E-4 0.476508 0.011319 9.51E-4 0.017904 0.001754 8.43E-4 0.633455 0.007204 0.082034 0.002939 0.003532 0.002094 0.001291 0.002505 
0.005596 0.004031 0.008511 0.021771 0.004954 0.006953 0.858554 0.919603 0.162643 0.003771 0.001848 0.008898 0.001944 0.384816 0.009404 0.00536 0.002447 0.00794 0.00871 0.217792 0.036194 0.015823 0.021921 0.016011 0.010892 0.006247 0.014438 

