0.011927 0.250306 0.986927 0.012736 0.011386 0.010376 0.009859 0.012583 0.009 0.015329 0.006562 0.017283 0.358125 0.531254 0.003807 0.04641 0.02644 0.00357 0.800623 0.010074 0.007136 0.083986 0.004742 0.017337 0.006154 0.001745 0.007866 0.682458 0.029111 0.007873 0.811347 0.0038 0.017551 0.006114 
0.031891 0.069279 0.617851 0.015957 0.025705 0.01968 0.01392 0.003385 0.017839 0.015577 0.010757 0.025182 0.796245 0.092398 0.005161 0.028307 0.037664 0.004301 0.237869 0.008328 0.009214 0.070214 0.007169 0.004161 0.006258 0.001507 0.020523 0.11403 0.059686 0.015487 0.136007 0.005849 0.010906 0.010975 
0.021627 0.274479 0.212759 0.005408 0.027363 0.005698 0.062249 0.009369 0.008747 0.00888 0.004507 0.014118 0.678778 0.464628 0.002379 0.016771 0.041944 0.008317 0.430301 0.013699 0.006591 0.081623 0.002214 0.018731 0.007089 0.009807 0.008345 0.720262 0.050721 0.01254 0.867518 0.00762 0.008441 0.010624 
0.01429 0.259965 0.513364 0.018622 0.006876 0.01491 0.007228 0.008048 0.015829 0.023131 0.008385 0.071312 0.93745 0.356706 0.002723 0.05173 0.012187 7.99E-4 0.752858 0.004125 0.004043 0.240905 0.005464 0.004788 0.003299 9.7E-4 0.013825 0.742372 0.017985 0.009408 0.758974 0.004128 0.005338 0.010223 
0.011027 0.775334 0.67922 0.024136 0.028718 0.03898 0.023474 0.005378 0.049353 0.00495 0.020267 0.007456 0.714472 0.059642 0.002907 0.007711 0.032976 0.003762 0.268712 0.013624 0.003484 0.959381 0.011854 0.005521 0.008619 0.001624 0.005574 0.944784 0.050905 0.030798 0.607727 0.00827 0.010197 0.02421 
0.012301 0.534832 0.366162 0.024438 0.047374 0.010699 0.014618 0.001997 0.019907 0.006947 0.007767 0.020961 0.507435 0.084971 0.001697 0.012348 0.071825 0.001222 0.068339 0.016976 0.003917 0.22664 0.006275 0.00226 0.003592 0.00103 0.007914 0.828096 0.054225 0.007431 0.289485 0.00416 0.007744 0.012055 
0.013799 0.806467 0.94317 0.008967 0.065707 0.008086 0.007842 0.005435 0.013 0.012603 0.006931 0.026531 0.545886 0.799185 0.001785 0.032528 0.044941 0.001332 0.049565 0.006155 0.006175 0.321473 0.00373 0.006411 0.003148 6.55E-4 0.007836 0.049858 0.058346 0.00841 0.601399 0.002875 0.013162 0.005617 
0.031275 0.767244 0.24892 0.014088 0.055335 0.014922 0.014141 0.001376 0.01247 0.003969 0.005318 0.03738 0.378148 0.620278 0.001378 0.042167 0.177737 8.89E-4 0.746685 0.006281 0.001816 0.252854 0.002728 0.001585 0.001721 3.08E-4 0.005505 0.712647 0.047463 0.013787 0.049862 0.002015 0.00502 0.005892 
0.032058 0.862722 0.030915 0.019102 0.024627 0.029303 0.014169 0.004949 0.024316 0.015927 0.013862 0.0192 0.975854 0.813591 0.005138 0.021981 0.026467 0.004419 0.628973 0.010043 0.009248 0.493882 0.006296 0.007615 0.004311 0.001987 0.013418 0.952125 0.05509 0.015469 0.242876 0.006945 0.014357 0.008971 
0.032986 0.151341 0.138865 0.024842 0.025991 0.016755 0.009454 0.001249 0.010133 0.00834 0.008921 0.027445 0.751304 0.632869 0.00174 0.050749 0.159972 7.31E-4 0.688401 0.008478 0.004112 0.34932 0.003627 8.97E-4 0.003663 5.8E-4 0.005628 0.766299 0.061982 0.009188 0.496721 0.002788 0.008145 0.005865 
0.046484 0.655693 0.165346 0.004714 0.00595 0.007592 0.006269 0.002868 0.010378 0.106959 0.004934 0.024761 0.619157 0.040156 0.001786 0.316729 0.015596 6.62E-4 0.233375 0.006322 0.013211 0.826199 0.003309 0.003002 0.001902 0.001146 0.007515 0.966802 0.024941 0.007192 0.546453 0.002392 0.036962 0.005289 
0.031014 0.829056 0.941818 0.017067 0.019062 0.040233 0.02332 0.003905 0.035967 0.011763 0.020154 0.01823 0.368351 0.650508 0.00335 0.021082 0.02451 0.002354 0.72663 0.006896 0.006292 0.017173 0.011663 0.004708 0.005585 0.001235 0.011392 0.751695 0.049322 0.018188 0.626591 0.009741 0.008328 0.018788 
0.03151 0.53049 0.445789 0.003016 0.001701 0.003822 0.003816 0.001341 0.005967 0.110424 0.002717 0.037563 0.133432 0.805838 0.001615 0.44133 0.009897 1.74E-4 0.531243 0.008918 0.018712 0.508787 0.002056 8.27E-4 0.001265 8.17E-4 0.005333 0.71747 0.011559 0.004869 0.859717 0.001432 0.045703 0.003437 
0.007867 0.512666 0.324562 0.006591 0.106279 0.006515 0.0123 0.004405 0.011595 0.005489 0.005514 0.013242 0.361007 0.723596 0.001182 0.018724 0.074974 9.95E-4 0.382996 0.002407 0.003082 0.083582 0.006033 0.003799 0.002556 5.8E-4 0.005305 0.226045 0.029987 0.009364 0.832865 0.003862 0.00318 0.007446 
0.002425 0.872813 0.861596 0.119552 0.005286 0.071644 0.00686 0.001061 0.086096 0.002517 0.013983 0.009745 0.233168 0.3939 7.16E-4 0.006993 0.121107 5.79E-4 0.980563 0.003249 0.002021 0.711735 0.00858 0.001565 0.006158 0.00236 0.004425 0.888391 0.017784 0.016876 0.938002 0.012403 0.001398 0.01473 
0.067245 0.155553 0.152902 0.061863 0.005991 0.007736 0.01409 0.003599 0.014427 0.081128 0.005541 0.039264 0.959117 0.668896 0.002027 0.070208 0.01781 7.31E-4 0.831302 0.007887 0.021476 0.152538 0.003936 0.005502 0.004111 0.001607 0.005249 0.102408 0.007775 0.011042 0.089569 0.002418 0.082747 0.006929 
0.004971 0.360468 0.115494 0.012691 0.037413 0.033066 0.018173 0.001494 0.029234 0.004763 0.008626 0.021786 0.398118 0.79104 0.001253 0.022917 0.036134 6.86E-4 0.654688 0.003674 0.003737 0.080281 0.003129 0.002962 0.001735 4.44E-4 0.004737 0.853371 0.137177 0.01163 0.828906 0.003286 0.00383 0.008388 
0.023253 0.287648 0.950582 0.022341 0.025767 0.016379 0.008263 0.01122 0.01561 0.006476 0.011958 0.004898 0.301206 0.153069 0.001407 0.009771 0.096932 0.002041 0.073094 0.018561 0.003413 0.460648 0.007351 0.013908 0.00715 0.00181 0.004195 0.404384 0.032597 0.01165 0.084627 0.005083 0.014716 0.010612 
0.102554 0.424476 0.593561 0.039948 0.004865 0.006944 0.004118 0.003288 0.011356 0.07586 0.005357 0.016506 0.926533 0.924772 0.001699 0.123646 0.014698 0.0014 0.642079 0.023087 0.016952 0.883615 0.00361 0.004828 0.002752 0.001809 0.004359 0.118975 0.009352 0.006122 0.607257 0.003547 0.069565 0.005171 
0.027071 0.083498 0.473618 0.008323 0.006117 0.013391 0.010452 0.006381 0.022253 0.032732 0.006431 0.050173 0.450388 0.587571 0.00197 0.068475 0.022674 5.59E-4 0.877634 0.003416 0.006181 0.949706 0.006142 0.004146 0.002193 5.74E-4 0.007364 0.627904 0.020981 0.016036 0.279829 0.003567 0.010474 0.010339 
0.019828 0.631955 0.680352 0.024749 0.017368 0.04645 0.019671 0.00611 0.04019 0.007422 0.024273 0.014691 0.904406 0.981729 0.003733 0.015028 0.022003 0.003626 0.849682 0.006711 0.005293 0.378823 0.012822 0.007247 0.007485 0.001471 0.009335 0.379724 0.034818 0.027805 0.24327 0.013687 0.00697 0.017915 
0.012435 0.339688 0.215177 0.007924 0.055208 0.009015 0.007472 0.002498 0.016433 0.010357 0.008783 0.032547 0.650619 0.950758 0.001636 0.046477 0.055986 0.001278 0.394607 0.006318 0.003651 0.243873 0.00555 0.002494 0.004105 8.81E-4 0.005589 0.093625 0.072198 0.008574 0.197862 0.00567 0.012851 0.006508 
0.086488 0.46741 0.970373 0.043387 0.004852 0.010129 0.004297 0.002144 0.012088 0.089346 0.009071 0.023467 0.964292 0.754537 0.002163 0.09182 0.010944 0.001268 0.558118 0.020839 0.016738 0.123861 0.005973 0.003389 0.006701 9.52E-4 0.004241 0.019765 0.009761 0.007571 0.656694 0.004673 0.067811 0.005947 
0.064973 0.329975 0.821019 0.022063 0.015739 0.016686 0.009704 0.005282 0.015436 0.008407 0.012777 0.008335 0.380664 0.222188 0.001708 0.013977 0.010439 0.001602 0.999773 0.010776 0.00334 0.171364 0.007188 0.006296 0.006732 0.001169 0.00488 0.151869 0.034271 0.01144 0.966472 0.005848 0.009983 0.009413 
0.193342 0.255962 0.358128 0.025363 0.01757 0.012683 0.007782 0.003677 0.008118 0.014126 0.007462 0.010487 0.419518 0.254008 0.003426 0.014659 0.018625 0.002705 0.431218 0.003812 0.007482 0.488988 0.003888 0.008139 0.005692 9.01E-4 0.008264 0.901774 0.024444 0.006899 0.929169 0.005525 0.006446 0.004757 
0.023641 0.802237 0.823704 0.015511 0.024504 0.038516 0.01813 0.003515 0.03579 0.016195 0.017045 0.018228 0.605693 0.781085 0.004983 0.019828 0.023576 0.001967 0.203797 0.008774 0.010078 0.810615 0.007354 0.004913 0.005777 0.002569 0.01366 0.19791 0.060725 0.021186 0.708113 0.005972 0.012886 0.011925 
0.01619 0.462018 0.846304 0.008059 0.086832 0.008091 0.008293 0.001787 0.014254 0.00941 0.006539 0.017982 0.555444 0.523948 0.001822 0.035538 0.034242 0.0012 0.925437 0.004313 0.00511 0.408063 0.004275 0.00184 0.003177 7.62E-4 0.006625 0.975845 0.055966 0.012155 0.826307 0.002447 0.01059 0.007537 
0.005171 0.700043 0.030389 0.0165 0.022216 0.01019 0.011958 0.014602 0.00793 0.004691 0.005829 0.023262 0.461738 0.557293 0.002401 0.010772 0.058491 0.002029 0.850679 0.003534 0.00379 0.753201 0.002225 0.014497 0.003385 4.72E-4 0.01086 0.083156 0.009426 0.005647 0.214512 0.002507 0.004105 0.003882 
0.006028 0.733773 0.044079 0.00637 0.041066 0.009668 0.042245 0.002041 0.009578 0.002052 0.006357 0.006999 0.879884 0.979657 0.001672 0.00413 0.043255 0.009235 0.398993 0.003685 0.002523 0.68672 0.002304 0.005478 0.007503 0.011368 0.008315 0.12952 0.048317 0.010282 0.437172 0.007789 0.003003 0.012025 
0.027207 0.475879 0.269047 0.031659 0.01689 0.033645 0.023464 0.006441 0.030021 0.012031 0.022229 0.014478 0.288565 0.9382 0.005379 0.019901 0.017089 0.004141 0.620425 0.009126 0.00843 0.594194 0.00929 0.009055 0.007476 0.001526 0.010717 0.897647 0.035993 0.020927 0.368311 0.010433 0.009558 0.016727 
0.019418 0.857374 0.241787 0.010405 0.011435 0.015735 0.020596 0.008648 0.030748 0.0208 0.011192 0.018335 0.75193 0.03146 0.003625 0.012509 0.016166 0.003075 0.835405 0.01166 0.009237 0.650459 0.008723 0.00682 0.006718 0.001381 0.011535 0.139759 0.060763 0.081865 0.08437 0.005971 0.011479 0.022957 
0.021576 0.171481 0.34631 0.013074 0.004401 0.009229 0.004539 0.008601 0.016464 0.031287 0.007243 0.037626 0.601023 0.354623 0.001342 0.091346 0.048407 8.34E-4 0.775061 0.006092 0.003976 0.364401 0.004121 0.007168 0.003345 8.16E-4 0.006056 0.675191 0.018597 0.007194 0.795362 0.003306 0.010315 0.006192 
0.048383 0.915477 0.251413 0.00859 0.019311 0.007471 0.019434 0.005378 0.00746 0.008657 0.006047 0.029991 0.54327 0.44274 0.001901 0.099937 0.058351 0.001096 0.311755 0.010788 0.004528 0.578572 0.00399 0.003959 0.005107 0.001526 0.007195 0.952205 0.091313 0.008511 0.895597 0.004265 0.010197 0.005438 
0.026209 0.973014 0.036426 0.006712 0.005816 0.011729 0.008844 0.011729 0.016784 0.025289 0.004712 0.046806 0.975958 0.120912 0.001824 0.077746 0.024516 6.79E-4 0.915766 0.003357 0.005936 0.326245 0.003831 0.009238 0.001784 0.001194 0.008324 0.282205 0.010843 0.012632 0.365033 0.002299 0.007282 0.008606 
0.007384 0.995374 0.268124 0.004492 0.049761 0.006877 0.010434 0.004246 0.012609 0.007551 0.006071 0.020393 0.398896 0.932303 0.001404 0.037237 0.054893 0.001122 0.687653 0.002578 0.004152 0.832513 0.005106 0.004814 0.001731 8.33E-4 0.005795 0.234926 0.080171 0.011342 0.649751 0.002557 0.007219 0.006251 
0.018111 0.847759 0.158824 0.015498 0.039792 0.010814 0.010978 0.006877 0.00977 0.011433 0.007881 0.018784 0.113817 0.925838 0.002701 0.015601 0.061847 0.002153 0.575078 0.006872 0.004942 0.355828 0.005151 0.006932 0.004605 8.43E-4 0.013465 0.796751 0.046984 0.012397 0.582781 0.004489 0.010649 0.008859 
0.019332 0.747197 0.903665 0.022226 0.024982 0.025595 0.009866 0.008343 0.02189 0.008901 0.013995 0.012534 0.675375 0.131831 0.003288 0.012402 0.052407 0.002537 0.123501 0.010157 0.005406 0.908526 0.006835 0.01303 0.008085 0.00124 0.009173 0.279039 0.044661 0.010845 0.260512 0.005754 0.010337 0.009967 
0.034243 0.964257 0.260998 0.004772 0.031546 0.004686 0.014557 0.005321 0.00486 0.010021 0.005424 0.057264 0.99499 0.531127 0.001632 0.141137 0.054038 0.001222 0.001463 0.004248 0.004391 0.665325 0.003561 0.005907 0.001988 9.93E-4 0.010871 0.400883 0.088701 0.006592 0.671151 0.002319 0.00516 0.00378 
0.008206 0.889635 0.059691 0.007559 0.03101 0.016081 0.073742 0.006038 0.009261 0.006672 0.010634 0.015137 0.542992 0.28023 0.001953 0.011427 0.069094 0.008543 0.985246 0.005707 0.005299 0.65803 0.003901 0.007492 0.007188 0.010898 0.011311 0.471568 0.061695 0.008406 0.109633 0.007506 0.006399 0.011794 
0.07246 0.560333 0.354569 0.023615 0.006621 0.006817 0.007098 0.004739 0.012337 0.074191 0.00668 0.021608 0.113276 0.798142 0.002952 0.098373 0.012633 0.001626 0.795642 0.012954 0.014338 0.241937 0.006496 0.004359 0.003582 0.00217 0.00399 0.873536 0.015591 0.009426 0.612727 0.002531 0.049641 0.008109 
0.044347 0.7059 0.361297 0.030382 0.013384 0.022689 0.010215 0.003938 0.019322 0.010388 0.013356 0.010574 0.158406 0.374346 0.002317 0.01128 0.009607 0.001399 0.901496 0.016757 0.005931 0.741629 0.00725 0.004085 0.006962 0.001438 0.00647 0.298201 0.059339 0.013506 0.700892 0.005954 0.011813 0.010058 
0.011024 0.646346 0.824499 0.009157 0.035029 0.009819 0.035659 0.004331 0.008739 0.007618 0.006724 0.012173 0.968778 0.91189 0.001475 0.010644 0.060322 0.007711 0.014854 0.006068 0.003082 0.959609 0.002954 0.005344 0.006193 0.010295 0.007799 0.56743 0.063835 0.008711 0.379573 0.00661 0.007531 0.010923 
0.293949 0.198807 0.493893 0.014292 0.012939 0.009283 0.012794 0.002611 0.014538 0.013721 0.005873 0.013725 0.165277 0.318791 0.003848 0.009744 0.013502 0.002302 0.533 0.003969 0.0074 0.535117 0.005517 0.003138 0.002711 9.46E-4 0.009307 0.548472 0.031204 0.013677 0.623169 0.003829 0.012965 0.008787 
0.011893 0.905158 0.179369 0.05053 0.033378 0.019279 0.01394 0.002887 0.020437 0.006548 0.007236 0.018132 0.775305 0.864255 0.003126 0.00896 0.059172 0.002043 0.036878 0.01147 0.005087 0.109361 0.005685 0.004398 0.003032 0.001144 0.008936 0.389587 0.023386 0.012088 0.876351 0.002656 0.006822 0.021803 
0.013585 0.083316 0.801442 0.009283 0.051635 0.008619 0.009364 0.002722 0.01301 0.00441 0.010572 0.014517 0.292832 0.73948 0.001559 0.034125 0.03235 0.001407 0.52474 0.003553 0.003176 0.346502 0.007113 0.003146 0.003589 8.91E-4 0.003551 0.034777 0.099225 0.008931 0.511106 0.005436 0.007979 0.008785 
0.01486 0.461121 0.87747 0.018583 0.010515 0.021432 0.014699 0.005157 0.025185 0.017851 0.012651 0.019551 0.260206 0.187383 0.003218 0.012297 0.020625 0.004212 0.53169 0.015506 0.007323 0.806096 0.01136 0.006693 0.011301 0.001227 0.013138 0.383914 0.054132 0.032408 0.090962 0.00854 0.012788 0.021359 
0.048653 0.567841 0.972852 0.018811 0.023071 0.016133 0.017284 0.007983 0.015363 0.008299 0.011076 0.011506 0.489655 0.886564 0.00284 0.016934 0.033202 0.002708 0.446801 0.014513 0.004479 0.74849 0.010851 0.008155 0.009646 0.001609 0.008384 0.653457 0.056785 0.016276 0.298964 0.008657 0.01001 0.012349 
0.010495 0.638244 0.957112 0.015937 0.020275 0.014483 0.014951 0.006188 0.017569 0.015511 0.01502 0.017504 0.757839 0.786201 0.00312 0.012836 0.019111 0.002162 0.72309 0.012375 0.005758 0.342871 0.012457 0.007412 0.00937 0.001321 0.008175 0.034834 0.043088 0.02262 0.343006 0.010737 0.009491 0.017859 
0.010402 0.385102 0.702138 0.007348 0.0308 0.011634 0.036664 0.007077 0.011023 0.004797 0.007767 0.026354 0.602537 0.472123 0.003103 0.009882 0.060301 0.010378 0.645072 0.003804 0.003922 0.743675 0.00502 0.016956 0.008778 0.012907 0.01279 0.918922 0.036653 0.016234 0.251504 0.008997 0.003628 0.01372 
0.005486 0.891393 0.297508 0.0081 0.056351 0.008 0.006802 0.001258 0.008402 0.004411 0.005248 0.01303 0.245667 0.399094 0.001269 0.014932 0.091306 0.001466 0.887883 0.003116 0.002115 0.650474 0.00353 0.00516 0.003162 5.86E-4 0.00735 0.517861 0.091074 0.007397 0.861106 0.003659 0.002297 0.004902 
0.011536 0.035016 0.097281 0.020824 0.015647 0.013967 0.010199 0.013336 0.007563 0.003593 0.007564 0.008626 0.635186 0.686182 0.001351 0.008757 0.043689 0.001427 0.376689 0.007491 0.002114 0.908439 0.003794 0.011759 0.005245 7.3E-4 0.004606 0.875721 0.008069 0.004977 0.03975 0.00398 0.007378 0.004557 
0.093505 0.316071 0.509953 0.043166 0.007249 0.010568 0.008515 0.003826 0.0168 0.035722 0.00848 0.024079 0.908438 0.144527 0.001971 0.076724 0.01248 0.001619 0.370486 0.022799 0.011507 0.614904 0.005442 0.005504 0.004811 0.00149 0.004217 0.091558 0.013049 0.010121 0.077487 0.003254 0.072547 0.006592 
0.008732 0.373579 0.856251 0.008157 0.06108 0.007603 0.005039 0.001414 0.007282 0.004488 0.005526 0.017117 0.18184 0.522232 0.001815 0.014118 0.067331 0.001942 0.433423 0.003255 0.002647 0.584201 0.003773 0.006608 0.003542 4.2E-4 0.007659 0.40233 0.081439 0.005584 0.221695 0.00349 0.003264 0.004348 
0.028994 0.721327 0.14115 0.028881 0.017063 0.028745 0.019989 0.005141 0.023972 0.01007 0.011205 0.014098 0.687129 0.749848 0.003498 0.013499 0.022757 0.002665 0.40732 0.0108 0.005826 0.512087 0.008314 0.003871 0.007977 0.002521 0.009592 0.286446 0.071074 0.016177 0.928845 0.008508 0.008927 0.012751 
0.010522 0.752874 0.706085 0.004612 0.051165 0.006577 0.006674 0.003114 0.013472 0.006216 0.004971 0.019423 0.829581 0.068028 0.001839 0.045681 0.035136 0.001623 0.968546 0.00271 0.004197 0.595336 0.004267 0.004125 0.001737 4.78E-4 0.007383 0.769934 0.086037 0.009873 0.496722 0.002937 0.006655 0.006909 
0.006495 0.286018 0.570683 0.026005 0.029902 0.05807 0.011227 0.002457 0.047297 0.00476 0.020202 0.012806 0.822182 0.441589 0.001755 0.011684 0.041115 0.001492 0.446216 0.004007 0.003252 0.57183 0.006654 0.002168 0.004794 4.89E-4 0.005859 0.829562 0.060597 0.017805 0.699134 0.006522 0.003245 0.013306 
0.018768 0.733873 0.382868 0.011385 0.013216 0.010667 0.00446 0.011555 0.010807 0.041971 0.003397 0.064605 0.855347 0.371723 0.001696 0.112702 0.02407 5.82E-4 0.828215 0.003811 0.005878 0.084649 0.003298 0.005926 0.00232 0.001154 0.010729 0.760436 0.021277 0.007196 0.331989 0.001902 0.009319 0.005248 
0.020464 0.3687 0.363229 0.014154 0.025203 0.018942 0.010603 0.005658 0.020467 0.013001 0.01368 0.020637 0.634579 0.910536 0.003544 0.019009 0.031776 0.002611 0.206431 0.015292 0.006676 0.407619 0.007012 0.00909 0.00651 0.001921 0.010872 0.380848 0.050011 0.014523 0.468399 0.006004 0.015134 0.009695 
0.006063 0.909411 0.175436 0.110327 0.006947 0.053707 0.006658 0.001484 0.065191 0.006299 0.010844 0.020294 0.709639 0.562879 0.001023 0.009847 0.098097 6.64E-4 0.176661 0.00409 0.003 0.858297 0.006848 0.001956 0.003443 0.00281 0.008139 0.982941 0.01273 0.017075 0.961663 0.009006 0.00304 0.010373 
0.008029 0.860982 0.587362 0.020059 0.03553 0.047995 0.016436 0.002618 0.036394 0.004921 0.010293 0.010575 0.23309 0.347186 0.001683 0.015234 0.024351 0.001524 0.253718 0.003798 0.002582 0.458974 0.005654 0.002467 0.003543 4.8E-4 0.004412 0.768058 0.151055 0.017919 0.660836 0.005353 0.004046 0.011434 
0.029711 0.937677 0.24607 0.010244 0.026338 0.011976 0.017521 0.008634 0.012144 0.011841 0.008102 0.018547 0.846711 0.020618 0.002869 0.024592 0.03795 0.002791 0.681479 0.011877 0.007274 0.581491 0.005231 0.014198 0.007858 0.002049 0.012067 0.339986 0.047324 0.012099 0.047787 0.004012 0.012338 0.008419 
0.052572 0.640559 0.134921 0.008933 0.036911 0.007997 0.024761 0.00468 0.008446 0.012211 0.006355 0.061158 0.361933 0.744558 0.002099 0.106272 0.039785 0.001682 0.842178 0.007981 0.006323 0.913814 0.005348 0.003501 0.005065 0.001475 0.017559 0.60219 0.048515 0.009507 0.658774 0.0079 0.011647 0.006128 
0.016433 0.413183 0.986051 0.020583 0.038433 0.018701 0.014841 0.015194 0.017891 0.006497 0.012289 0.009685 0.319068 0.637306 0.001315 0.010495 0.071547 0.001511 0.073842 0.007415 0.00305 0.718181 0.005502 0.011524 0.003794 0.00112 0.005411 0.379605 0.033714 0.017477 0.09863 0.004579 0.008606 0.009304 
0.005794 0.956345 0.389129 0.025333 0.02186 0.016859 0.006488 0.012906 0.010809 0.006586 0.011708 0.022069 0.757884 0.276345 0.008778 0.006093 0.03091 0.006863 0.622324 0.002911 0.008849 0.429302 0.006753 0.01042 0.006892 3.86E-4 0.021814 0.74247 0.008617 0.006322 0.572971 0.007066 0.002452 0.007417 
0.009946 0.573307 0.626955 0.045462 0.045452 0.009673 0.019122 0.002498 0.012991 0.008079 0.005237 0.01616 0.859846 0.077343 0.001969 0.009133 0.069613 0.001572 0.338535 0.009445 0.003931 0.180591 0.003903 0.004727 0.003444 7.02E-4 0.007409 0.729322 0.018152 0.008782 0.163566 0.002828 0.006156 0.01273 
0.002933 0.242516 0.304298 0.068819 0.006957 0.056566 0.003457 0.001546 0.059347 0.003787 0.010454 0.018243 0.436933 0.397228 0.001242 0.004054 0.186545 9.04E-4 0.479419 0.002858 0.002347 0.29086 0.005783 0.00223 0.003781 0.00283 0.006694 0.374711 0.016645 0.006541 0.936684 0.009779 0.001675 0.007723 
0.016455 0.258096 0.479914 0.016889 0.011776 0.019741 0.011708 0.007019 0.022557 0.007394 0.011884 0.01185 0.608808 0.048602 0.003811 0.010519 0.047897 0.003676 0.169242 0.010753 0.004467 0.26844 0.008333 0.009096 0.007686 0.001335 0.008083 0.809377 0.0538 0.014397 0.48101 0.005651 0.010673 0.011291 
0.014588 0.347916 0.724825 0.015384 0.012766 0.010022 0.015585 0.016563 0.011931 0.012822 0.008442 0.014644 0.36192 0.206037 0.003709 0.04778 0.01442 0.002932 0.768245 0.012501 0.008282 0.858312 0.006664 0.014809 0.00787 0.003493 0.006561 0.287015 0.024533 0.011357 0.961746 0.00485 0.015366 0.007707 
0.012297 0.737073 0.068798 0.007589 0.047925 0.007992 0.008859 0.001527 0.008165 0.004881 0.006987 0.012341 0.887031 0.501903 0.001286 0.014279 0.076033 0.00218 0.425497 0.003986 0.001607 0.183528 0.004909 0.009362 0.003432 4.98E-4 0.006497 0.758195 0.049909 0.009049 0.696715 0.004501 0.003956 0.006419 
0.003914 0.345308 0.796179 0.016543 0.028236 0.035879 0.010684 0.002319 0.029158 0.002888 0.012393 0.013808 0.62945 0.953813 0.001065 0.022557 0.035543 7.93E-4 0.073596 0.003484 0.002144 0.691191 0.004775 0.003878 0.003454 4.27E-4 0.004141 0.05734 0.166012 0.013319 0.946817 0.004921 0.002555 0.009111 
0.040771 0.466512 0.46791 0.014593 0.021854 0.016228 0.021095 0.005433 0.017649 0.015349 0.009989 0.024876 0.746185 0.229469 0.003794 0.021618 0.032798 0.002885 0.085552 0.01398 0.0092 0.860827 0.008739 0.006859 0.005726 0.002177 0.014541 0.437418 0.051428 0.019282 0.498104 0.005925 0.014081 0.01292 
0.014996 0.53825 0.327024 0.015406 0.053274 0.009796 0.004611 0.003497 0.009304 0.009284 0.006942 0.027566 0.922338 0.951907 0.002848 0.053522 0.039531 0.002548 0.076273 0.006043 0.003865 0.804069 0.002789 0.004828 0.007828 8.74E-4 0.007508 0.831189 0.053076 0.00611 0.463295 0.003123 0.0121 0.00393 
0.018469 0.926294 0.294303 0.020278 0.024839 0.014789 0.011744 0.009202 0.018503 0.009879 0.011627 0.015544 0.014362 0.637151 0.002116 0.011635 0.069037 0.001732 0.651269 0.008685 0.004731 0.179915 0.004704 0.013148 0.0039 0.001596 0.007388 0.877574 0.031041 0.01315 0.06818 0.004092 0.01008 0.007334 
0.012914 0.424311 0.400293 0.007035 0.025451 0.013045 0.049374 0.00348 0.012946 0.008792 0.008449 0.020148 0.404338 0.219901 0.002801 0.016288 0.061712 0.012152 0.354081 0.006185 0.005058 0.111923 0.005865 0.005063 0.010498 0.014829 0.011826 0.425483 0.056472 0.014342 0.613546 0.011038 0.010528 0.015813 
0.029626 0.231095 0.014093 0.007292 0.044991 0.008047 0.007449 0.00331 0.007336 0.007395 0.004844 0.012431 0.48223 0.607416 0.001379 0.019848 0.115045 0.001658 0.588366 0.006243 0.003231 0.62288 0.003631 0.007089 0.002866 7.36E-4 0.005973 0.89641 0.056243 0.007066 0.527434 0.003416 0.006991 0.004714 
0.006514 0.276995 0.889904 0.117175 0.006468 0.04162 0.006506 0.001082 0.065348 0.004283 0.010176 0.014411 0.49652 0.412804 8.78E-4 0.009063 0.100023 0.001063 0.014764 0.006369 0.002821 0.501415 0.0061 0.003087 0.008116 0.003746 0.004289 0.298284 0.013788 0.00778 0.533958 0.009192 0.003515 0.007445 
0.020943 0.837006 0.545005 0.024305 0.017037 0.02591 0.013831 0.005752 0.028563 0.011712 0.01695 0.01444 0.132615 0.544418 0.004325 0.018432 0.047039 0.004434 0.874943 0.015503 0.006178 0.827804 0.011012 0.007043 0.009024 0.001736 0.009154 0.253749 0.016338 0.018427 0.833349 0.008321 0.01422 0.016347 
0.009852 0.703969 0.523592 0.024372 0.011623 0.023578 0.013732 0.014463 0.030129 0.015705 0.024945 0.018057 0.670797 0.887861 0.004283 0.017578 0.021256 0.002361 0.842949 0.011641 0.008995 0.298815 0.016454 0.009392 0.013877 0.001882 0.011374 0.855772 0.023805 0.019482 0.381611 0.013891 0.011401 0.018445 
0.00959 0.831112 0.509022 0.006591 0.132127 0.007732 0.007241 0.004383 0.017402 0.008082 0.006952 0.023791 0.117489 0.883737 0.001588 0.03318 0.042715 0.001896 0.387863 0.007889 0.00495 0.168832 0.005388 0.00541 0.00393 9.47E-4 0.004703 0.746182 0.076175 0.011616 0.928011 0.003418 0.012827 0.008138 
0.01517 0.505776 0.708588 0.024 0.036961 0.01015 0.012336 0.011833 0.010538 0.004968 0.007381 0.009736 0.472598 0.236387 0.002621 0.009162 0.089386 0.002044 0.234303 0.007393 0.002873 0.958059 0.005949 0.007636 0.006236 8.72E-4 0.008747 0.712711 0.037476 0.009946 0.305053 0.004627 0.006052 0.008243 
0.362484 0.637898 0.123693 0.021739 0.008971 0.011855 0.005245 0.001355 0.011324 0.010501 0.007741 0.009983 0.189471 0.515375 0.002594 0.016213 0.014739 0.001488 0.544522 0.003308 0.004646 0.820996 0.003234 0.002806 0.004319 7.06E-4 0.007426 0.816911 0.046408 0.006625 0.01612 0.003652 0.005308 0.004544 
0.003966 0.004393 0.849894 0.016796 0.035116 0.063167 0.012212 0.00201 0.044619 0.003898 0.020044 0.016856 0.489126 0.909139 0.001954 0.007715 0.028763 0.001536 0.845351 0.0024 0.002957 0.997041 0.006607 0.004159 0.004622 2.99E-4 0.006637 0.071285 0.073538 0.015126 0.542607 0.006298 0.001873 0.014053 
0.005689 0.458891 0.725928 0.022632 0.027906 0.009525 0.007295 0.021048 0.005067 0.00429 0.00486 0.016014 0.048875 0.170625 7.02E-4 0.007772 0.042941 8.42E-4 0.399193 0.005406 0.002078 0.701328 0.001569 0.020699 0.003987 5.81E-4 0.00373 0.763496 0.008618 0.004048 0.582295 0.001912 0.005766 0.002928 
0.299802 0.515766 0.600839 0.025273 0.004761 0.008195 0.006116 0.001951 0.006754 0.012441 0.005703 0.00623 0.233374 0.498228 0.002455 0.006573 0.010266 0.001958 0.277611 0.004397 0.005729 0.112462 0.00327 0.002903 0.003427 9.92E-4 0.004792 0.795955 0.147527 0.006143 0.837841 0.003034 0.011133 0.004075 
0.218445 0.828802 0.788823 0.022157 0.015588 0.016821 0.009092 0.002519 0.016237 0.014849 0.008631 0.013839 0.507602 0.278211 0.004141 0.014212 0.020718 0.003846 0.072831 0.006582 0.007485 0.473031 0.003416 0.005777 0.003952 0.001211 0.009834 0.871452 0.029905 0.010502 0.322482 0.003918 0.010296 0.006232 
0.00346 0.709485 0.530778 0.017934 0.021188 0.005499 0.006084 0.020957 0.004496 0.003348 0.002038 0.012477 0.80532 0.633983 0.001016 0.005224 0.031472 7.19E-4 0.229306 0.003204 0.002023 0.22731 0.001427 0.017452 0.001237 5.04E-4 0.00347 0.475235 0.008273 0.002976 0.148633 6.93E-4 0.003494 0.002564 
0.012017 0.204493 0.515773 0.027733 0.049715 0.013462 0.013932 0.00237 0.015618 0.009264 0.006982 0.036873 0.726741 0.801172 0.002354 0.010563 0.038048 0.001898 0.678569 0.011624 0.004772 0.790645 0.005549 0.003674 0.002482 8.35E-4 0.01303 0.314784 0.020465 0.006384 0.678106 0.003084 0.006392 0.012472 
0.027729 0.627005 0.17884 0.008157 0.030429 0.009306 0.019676 0.006741 0.010161 0.014876 0.012259 0.059332 0.92581 0.389193 0.004334 0.068386 0.048089 0.002717 0.740008 0.007231 0.007528 0.517541 0.007977 0.005933 0.005004 0.00103 0.019683 0.794589 0.042071 0.009525 0.913182 0.007859 0.005704 0.010145 
0.025481 0.094808 0.730718 0.007029 0.039083 0.006162 0.017382 0.007667 0.006477 0.009916 0.007221 0.029443 0.430595 0.132039 0.002473 0.112114 0.048498 0.001283 0.452822 0.005465 0.005851 0.261176 0.005821 0.005044 0.003988 0.001128 0.010999 0.597045 0.060531 0.006971 0.450963 0.005461 0.006074 0.006082 
0.003731 0.482673 0.924548 0.091135 0.007429 0.066992 0.006678 0.001121 0.061783 0.00429 0.015161 0.017039 0.880457 0.883962 0.001114 0.007139 0.149153 0.001304 0.196277 0.003218 0.001941 0.081253 0.007172 0.003453 0.004134 0.001421 0.006749 0.691712 0.007335 0.011842 0.128265 0.012334 0.001604 0.010235 
0.016495 0.474215 0.217865 0.009386 0.043136 0.004117 0.00743 0.001857 0.004701 0.00499 0.004093 0.00928 0.899776 0.41377 0.001261 0.013609 0.057272 0.001263 0.502746 0.004587 0.001686 0.076979 0.003253 0.004249 0.002799 5.86E-4 0.004476 0.856351 0.053145 0.005765 0.835027 0.001983 0.003445 0.003795 
0.341457 0.140874 0.022414 0.015655 0.009084 0.008648 0.005593 0.002693 0.008978 0.012014 0.006018 0.009211 0.496799 0.560857 0.003223 0.011529 0.012971 0.0016 0.494456 0.005286 0.006429 0.053832 0.004063 0.003609 0.003616 0.001385 0.00746 0.981596 0.039865 0.007541 0.893474 0.003428 0.009203 0.006107 
0.031355 0.583133 0.499649 0.025017 0.025263 0.012852 0.00918 0.009051 0.014627 0.011208 0.012077 0.012485 0.89748 0.527883 0.00187 0.02197 0.099154 0.001048 0.032073 0.010937 0.003417 0.615288 0.004379 0.014969 0.005773 0.001935 0.006347 0.332118 0.025558 0.014182 0.698254 0.003391 0.011114 0.008256 
0.029699 0.987539 0.873512 0.005096 0.004806 0.00647 0.00301 0.001638 0.007642 0.094367 0.003911 0.031156 0.511008 0.431462 0.002074 0.410276 0.009577 6.1E-4 0.337845 0.012245 0.01562 0.070221 0.002787 0.001724 0.001568 8.6E-4 0.008929 0.997616 0.015246 0.004381 0.922713 0.001846 0.032078 0.003175 
0.010094 0.40683 0.898376 0.006449 0.070186 0.0059 0.007058 0.001773 0.005464 0.004235 0.00452 0.011487 0.753736 0.533163 0.001199 0.015531 0.063779 0.001235 0.954755 0.002248 0.001782 0.728444 0.003231 0.005509 0.002225 3.42E-4 0.005335 0.267194 0.052123 0.006814 0.938316 0.002272 0.002207 0.004304 
0.009148 0.824647 0.431433 0.013544 0.050373 0.021233 0.01608 0.001806 0.016263 0.005597 0.005607 0.00807 0.386423 0.925869 0.001677 0.013185 0.046444 0.001389 0.740844 0.003941 0.003353 0.830886 0.002871 0.003387 0.002828 5.19E-4 0.004945 0.248952 0.097922 0.009282 0.452999 0.002829 0.005249 0.006597 
0.020759 0.193249 0.426041 0.01755 0.06155 0.017483 0.008204 0.001487 0.013736 0.007188 0.007041 0.023868 0.455844 0.529746 0.001476 0.038774 0.13413 7.29E-4 0.829081 0.005892 0.00287 0.213215 0.002972 0.002505 0.002023 7.32E-4 0.004831 0.99259 0.052856 0.010345 0.832754 0.002605 0.005879 0.005408 
0.015807 0.887285 0.38334 0.012406 0.019509 0.015626 0.020944 0.012436 0.022737 0.010098 0.008686 0.012035 0.703797 0.863065 0.002926 0.015882 0.022857 0.005202 0.421746 0.009829 0.004036 0.728683 0.008817 0.012271 0.006333 6.58E-4 0.011294 0.610688 0.048825 0.027687 0.055848 0.006226 0.008604 0.013211 
0.017195 0.684864 0.28166 0.020289 0.032071 0.016614 0.007863 0.007697 0.016451 0.007775 0.010137 0.008041 0.541518 0.326176 0.00203 0.012856 0.129901 0.001734 0.880847 0.013871 0.004653 0.4809 0.004301 0.003528 0.005462 0.001642 0.008497 0.066677 0.025455 0.01333 0.208258 0.004883 0.012188 0.008409 
0.041472 0.380149 0.6809 0.02073 0.014952 0.012982 0.00695 0.003233 0.012124 0.01179 0.010351 0.011749 0.475354 0.029668 0.003075 0.016795 0.017523 0.002952 0.472321 0.0105 0.00608 0.416935 0.00496 0.003663 0.006792 0.001059 0.009294 0.772207 0.047038 0.008861 0.21327 0.004761 0.013712 0.00696 
0.01167 0.052224 0.587821 0.024777 0.014793 0.017664 0.016838 0.018286 0.029335 0.009961 0.014793 0.019276 0.213285 0.219656 0.004648 0.01261 0.026556 0.002654 0.40628 0.013321 0.011087 0.142763 0.012581 0.01256 0.011165 0.003064 0.008717 0.551962 0.041303 0.016474 0.683308 0.00993 0.015474 0.015678 
0.030803 0.340478 0.338085 0.01051 0.015868 0.014895 0.013691 0.005432 0.018467 0.012745 0.01274 0.014996 0.298499 0.856656 0.004472 0.019809 0.020504 0.004864 0.384314 0.010384 0.00657 0.85948 0.011689 0.004671 0.007254 0.001399 0.011652 0.926169 0.086915 0.038436 0.13812 0.009493 0.010463 0.018668 
0.014464 0.899936 0.027629 0.01118 0.005907 0.011511 0.006947 0.0058 0.019125 0.036694 0.005509 0.052112 0.859593 0.177794 0.001707 0.10722 0.044627 0.001174 0.706108 0.004368 0.004275 0.899156 0.004176 0.003415 0.002782 7.36E-4 0.007732 0.098337 0.028951 0.008553 0.524106 0.003199 0.005292 0.006958 
0.030425 0.090166 0.500499 0.016628 0.005959 0.019901 0.003512 0.009201 0.020154 0.046727 0.006938 0.056865 0.085903 0.43899 0.001681 0.052324 0.009655 0.001028 0.781723 0.006926 0.004572 0.52159 0.002438 0.006012 0.004097 6.54E-4 0.00788 0.963468 0.008632 0.007004 0.904666 0.002428 0.016721 0.006939 
0.153473 0.38323 0.846228 0.0261 0.007815 0.013416 0.011388 0.005691 0.013446 0.017043 0.009113 0.012139 0.816527 0.570548 0.003523 0.015254 0.01313 0.002542 0.695307 0.006974 0.007848 0.370187 0.005974 0.005212 0.004804 0.001787 0.007736 0.844833 0.150311 0.012857 0.861335 0.00604 0.014922 0.008312 
0.009237 0.909187 0.634278 0.005093 0.030741 0.00594 0.00669 5.85E-4 0.006165 0.004581 0.005282 0.016239 0.985457 0.957139 0.001603 0.01029 0.036616 0.001899 0.439923 0.002373 0.002448 0.600456 0.003857 0.007545 0.002522 2.64E-4 0.007639 0.630573 0.09348 0.006292 0.570837 0.003842 0.002991 0.004473 
0.009606 0.212405 0.528922 0.005053 0.102051 0.007129 0.00911 0.003535 0.015329 0.007579 0.005467 0.022667 0.816855 0.956435 0.001684 0.037952 0.032316 0.0017 0.444542 0.004135 0.004236 0.694351 0.005267 0.003562 0.00152 7.37E-4 0.005139 0.055953 0.10731 0.010163 0.54328 0.003274 0.006832 0.007461 
0.02236 0.213837 0.984532 0.029158 0.016799 0.023796 0.011014 0.004088 0.020823 0.007716 0.015317 0.009705 0.808571 0.013795 0.002356 0.011696 0.01207 0.003102 0.473711 0.009055 0.003743 0.885924 0.007428 0.005515 0.006531 9.77E-4 0.007946 0.596022 0.058586 0.014209 0.03463 0.005152 0.00931 0.01172 
0.012336 0.870913 0.497408 0.04983 0.03899 0.028402 0.009894 0.003419 0.028971 0.006075 0.01238 0.015934 0.801912 0.178828 0.002105 0.008756 0.079479 0.0014 0.550495 0.007645 0.003862 0.537843 0.009387 0.006179 0.00436 0.001137 0.006789 0.006011 0.021889 0.009509 0.722844 0.005502 0.005067 0.015128 
0.019292 0.973705 0.702237 0.009865 0.028361 0.007152 0.015417 0.003689 0.006186 0.016044 0.008386 0.059956 0.23688 0.860099 0.002116 0.121926 0.070552 9.89E-4 0.401883 0.006991 0.006862 0.375472 0.004479 0.004881 0.003903 8.95E-4 0.015931 0.159048 0.043075 0.007046 0.972306 0.004647 0.006742 0.004918 
0.049127 0.783266 0.755914 0.060969 0.004762 0.009197 0.006309 0.003932 0.011186 0.074459 0.005963 0.021523 0.44433 0.848597 0.001436 0.115062 0.016236 0.001379 0.050646 0.009372 0.014128 0.603296 0.004429 0.0071 0.006803 0.001505 0.004963 0.880066 0.008805 0.008014 0.113931 0.004586 0.065643 0.005285 
0.014524 0.24364 0.02286 0.019524 0.03788 0.019856 0.007993 0.010939 0.01736 0.008493 0.011874 0.01485 0.18839 0.914135 0.001377 0.014751 0.084259 8.61E-4 0.97393 0.008628 0.003273 0.449404 0.005968 0.00551 0.00442 0.001195 0.005627 0.291498 0.050243 0.009011 0.868727 0.004811 0.008573 0.007956 
0.063579 0.067947 0.360928 0.023164 0.009985 0.021656 0.011426 0.004911 0.01922 0.007667 0.012473 0.009428 0.971592 0.469359 0.002365 0.01518 0.011609 0.002026 0.150097 0.009478 0.003363 0.644205 0.006381 0.004 0.004962 7.21E-4 0.005407 0.933229 0.041108 0.016043 0.207912 0.004388 0.006418 0.010693 
0.062635 0.858402 0.67988 0.019442 0.008742 0.006007 0.004701 0.00438 0.012037 0.067415 0.004238 0.024646 0.847333 0.543045 0.005215 0.090606 0.014154 0.002615 0.162325 0.017945 0.019314 0.136652 0.003373 0.005957 0.004341 0.00286 0.007469 0.07045 0.014139 0.006182 0.199834 0.003727 0.084072 0.005227 
0.015008 0.70058 0.402364 0.025041 0.026344 0.023157 0.014466 0.007869 0.023683 0.010424 0.015764 0.015473 0.308077 0.290926 0.003007 0.016193 0.038311 0.001799 0.277439 0.00867 0.005674 0.884231 0.006675 0.009144 0.007218 0.001563 0.009067 0.826998 0.049868 0.016884 0.241872 0.007268 0.009247 0.011733 
0.074416 0.214446 0.575184 0.056043 0.007011 0.013017 0.010356 0.002854 0.026136 0.081651 0.007497 0.024048 0.173572 0.489915 0.002379 0.074842 0.022228 0.001262 0.694873 0.019128 0.013711 0.606218 0.00567 0.003016 0.00261 0.00169 0.007487 0.404958 0.010531 0.015266 0.519932 0.002871 0.069497 0.009759 
0.035245 0.699246 0.456525 0.011281 0.029176 0.009122 0.023581 0.007834 0.009624 0.010937 0.014883 0.056116 0.740527 0.877764 0.005241 0.085405 0.047216 0.002736 0.662352 0.005455 0.009647 0.668249 0.006701 0.006111 0.004714 0.001705 0.01897 0.076593 0.05226 0.011048 0.571357 0.005671 0.008547 0.007779 
0.016357 0.151846 0.782551 0.013711 0.016663 0.017371 0.024205 0.00391 0.024424 0.017276 0.012793 0.018756 0.914188 0.270832 0.00303 0.012375 0.028266 0.002478 0.227811 0.007825 0.009276 0.295534 0.010962 0.00519 0.005966 5.68E-4 0.013901 0.775028 0.044664 0.046176 0.847911 0.007636 0.00748 0.019589 
0.018961 0.181603 0.17921 0.007609 0.034611 0.010656 0.033204 0.002814 0.011603 0.011144 0.004316 0.015394 0.808281 0.298105 0.002761 0.015307 0.038851 0.010519 0.768335 0.006274 0.006233 0.165392 0.002246 0.003758 0.0083 0.013787 0.011232 0.02193 0.042291 0.009626 0.691437 0.00892 0.008008 0.014579 
0.02666 0.920485 0.401536 0.023081 0.011584 0.049221 0.016186 0.004586 0.043932 0.013262 0.024578 0.010843 0.714643 0.796816 0.004868 0.01881 0.015224 0.003166 0.142766 0.010839 0.008125 0.858691 0.016258 0.004087 0.007244 0.002332 0.01055 0.606537 0.056436 0.025952 0.750839 0.016363 0.012826 0.021539 
0.02849 0.660155 0.583504 0.016623 0.005202 0.013863 0.006407 0.008318 0.020617 0.036798 0.005955 0.075387 0.489984 0.712025 0.002434 0.050287 0.02225 8.59E-4 0.487911 0.004841 0.005283 0.08327 0.003559 0.005178 0.002339 0.001331 0.011202 0.424253 0.023136 0.008733 0.052305 0.002582 0.014128 0.006415 
0.023104 0.792582 0.82645 0.024658 0.020466 0.023481 0.037778 0.009495 0.019335 0.009208 0.012318 0.013612 0.763263 0.312386 0.003321 0.014768 0.017736 0.002104 0.584523 0.008453 0.005741 0.573464 0.01015 0.009797 0.005079 0.001632 0.009719 0.932469 0.063167 0.021903 0.329041 0.006441 0.006541 0.017388 
0.027705 0.593236 0.216276 0.031135 0.053529 0.018258 0.008435 0.001279 0.01255 0.005854 0.008605 0.056313 0.202616 0.89597 0.001737 0.047894 0.108087 0.001081 0.190025 0.005564 0.002912 0.976335 0.003199 0.001877 0.002966 2.15E-4 0.006057 0.729036 0.024395 0.00919 0.304404 0.002953 0.00337 0.005103 
0.039247 0.604478 0.47911 0.019382 0.021303 0.022898 0.021147 0.00578 0.02131 0.015692 0.013508 0.021273 0.397357 0.437947 0.00333 0.023532 0.040869 0.001982 0.772656 0.013281 0.009217 0.993904 0.009248 0.009666 0.005241 0.001837 0.010921 0.522315 0.061068 0.019655 0.944909 0.006801 0.01367 0.014206 
0.01235 0.603156 0.230299 0.010837 0.019435 0.010623 0.012845 0.010635 0.020236 0.015501 0.011014 0.019932 0.630205 0.035423 0.003734 0.015958 0.033447 0.004459 0.513815 0.009407 0.008755 0.579885 0.008558 0.011416 0.009006 0.002404 0.009901 0.325653 0.049902 0.010352 0.599879 0.007218 0.012594 0.010956 
0.028429 0.105561 0.295181 0.027667 0.04074 0.019983 0.011881 0.002634 0.016438 0.00531 0.008357 0.019324 0.402089 0.155222 0.001547 0.051316 0.156183 0.001402 6.59E-4 0.00608 0.002539 0.306497 0.005032 0.002883 0.003875 6.12E-4 0.003783 0.091872 0.041423 0.014179 0.593828 0.004154 0.005241 0.009129 
0.020044 0.260318 0.685687 0.021501 0.015692 0.017079 0.016043 0.010473 0.024804 0.016237 0.01305 0.018019 0.783102 0.319302 0.004305 0.025651 0.025756 0.003947 0.910802 0.014809 0.010506 0.466219 0.014139 0.008693 0.01051 0.002596 0.009968 0.931616 0.029798 0.016866 0.569268 0.009923 0.018876 0.016506 
0.017657 0.059095 0.451875 0.005885 0.096271 0.007057 0.005958 0.001347 0.008655 0.005469 0.004386 0.011949 0.790045 0.199925 0.001469 0.014351 0.119229 8.67E-4 0.427194 0.003425 0.002224 0.333428 0.003331 0.002583 0.002164 3.9E-4 0.006403 0.958534 0.027636 0.006849 0.740905 0.002481 0.003236 0.004836 
0.052801 0.131354 0.492313 0.011352 0.028917 0.009337 0.018956 0.007315 0.011617 0.014302 0.005799 0.015664 0.922563 0.832708 0.003391 0.023076 0.032648 0.002879 0.259401 0.010746 0.006839 0.834012 0.005656 0.01166 0.004334 0.001469 0.011962 0.785776 0.066495 0.014809 0.759783 0.004603 0.010558 0.008424 
0.006599 0.473887 0.922685 0.021351 0.029506 0.065625 0.011246 0.001671 0.054405 0.004767 0.011522 0.017769 0.37406 0.950838 9.48E-4 0.018895 0.02745 9.9E-4 0.981993 0.003277 0.002141 0.54648 0.005523 0.002668 0.002954 1.96E-4 0.005059 0.013656 0.091597 0.016571 0.496537 0.003948 0.002238 0.013208 
0.011234 0.284459 0.122624 0.005076 0.029593 0.006597 0.016801 0.002771 0.011497 0.010255 0.00758 0.015575 0.615329 0.828982 0.0027 0.014388 0.061214 0.010661 0.935114 0.003286 0.004049 0.123794 0.003572 0.003916 0.00904 0.013252 0.01022 0.619387 0.08022 0.00816 0.735733 0.009254 0.004571 0.013906 
0.016308 0.310923 0.229701 0.02774 0.015818 0.026109 0.012543 0.004499 0.027209 0.008983 0.011177 0.018806 0.330202 0.06616 0.003188 0.012412 0.03396 0.003989 0.275431 0.012873 0.005157 0.113949 0.008376 0.007073 0.007958 0.001324 0.009651 0.890036 0.041478 0.016329 0.228432 0.006213 0.010086 0.012851 
0.01336 0.248799 0.084905 0.005962 0.029795 0.009674 0.033362 0.003856 0.010446 0.006029 0.008532 0.01196 0.395804 0.754153 0.002647 0.009555 0.074646 0.010096 0.547287 0.00253 0.003442 0.214479 0.004277 0.004403 0.008514 0.012546 0.010568 0.700225 0.028719 0.009386 0.226653 0.008773 0.004143 0.013011 
0.006024 0.941231 0.189011 0.020584 0.042208 0.059028 0.010046 0.001167 0.041138 0.004593 0.015742 0.010527 0.896405 0.178899 0.002407 0.010554 0.036601 0.002561 0.746551 0.00417 0.00314 0.66072 0.005156 0.00222 0.003509 3.08E-4 0.007738 0.862339 0.108896 0.015246 0.975707 0.0052 0.004141 0.011243 
0.003068 0.35256 0.879866 0.107721 0.006604 0.05068 0.008144 0.001402 0.074193 0.003732 0.013492 0.016617 0.140499 0.667682 9.52E-4 0.006632 0.07885 7.03E-4 0.648027 0.003467 0.002147 0.095377 0.008534 0.002506 0.006953 0.003179 0.006158 0.81492 0.011084 0.014754 0.593421 0.01269 0.001645 0.013525 
0.024668 0.162476 0.708705 0.008762 0.05674 0.007613 0.004421 6.57E-4 0.005048 0.003572 0.003141 0.046908 0.054297 0.481657 7.09E-4 0.027429 0.191101 3.49E-4 0.851806 0.004094 0.001711 0.992928 0.001153 8.55E-4 0.001122 1.8E-4 0.002624 0.351098 0.035679 0.004454 0.113566 0.001066 0.004879 0.002378 
0.012792 0.598195 0.118308 0.007627 0.051043 0.005466 0.007007 0.005327 0.007918 0.005862 0.003733 0.02132 0.867727 0.007507 0.002992 0.039564 0.0389 0.002027 0.688933 0.005802 0.003308 0.039023 0.003454 0.00863 0.002915 0.001179 0.00508 0.711764 0.069998 0.00695 0.604314 0.00193 0.00902 0.004245 
0.01283 0.709639 0.741502 0.01588 0.020411 0.011253 0.007637 0.01161 0.01579 0.007618 0.006489 0.01335 0.867883 0.244596 0.001721 0.014334 0.09712 0.001262 0.640929 0.006774 0.003649 0.447873 0.003918 0.013339 0.003411 0.001002 0.009994 0.271453 0.028194 0.011051 0.944331 0.002692 0.006968 0.006822 
0.037498 0.433295 0.666326 0.004899 0.033487 0.006118 0.016433 0.004907 0.006416 0.009286 0.006336 0.0373 0.203676 0.616421 0.001642 0.100506 0.055313 0.001299 0.269011 0.007289 0.00457 0.443066 0.005595 0.003325 0.002952 9.08E-4 0.008968 0.69765 0.081404 0.007732 0.175239 0.004931 0.009543 0.006791 
0.278715 0.653163 0.901348 0.021355 0.010911 0.013859 0.004901 0.001629 0.013989 0.017281 0.008333 0.013845 0.658856 0.618091 0.003033 0.012399 0.015981 0.001902 0.567144 0.005081 0.006879 0.995382 0.003505 0.002042 0.003649 0.001115 0.008027 0.402352 0.14285 0.006284 0.108436 0.003824 0.010691 0.004883 
0.040251 0.841852 0.548251 0.004752 0.005907 0.005853 0.00557 0.002479 0.010006 0.089624 0.002819 0.034407 0.984448 0.105124 0.001566 0.297545 0.016596 4.98E-4 0.745093 0.009337 0.013052 0.749251 0.002287 0.003443 0.0015 8.94E-4 0.007869 0.317805 0.012896 0.007473 0.16689 0.001334 0.04271 0.004769 
0.01186 0.655582 0.087822 0.052546 0.029175 0.032313 0.013165 0.001379 0.034847 0.004057 0.015868 0.011564 0.053 0.719802 0.001571 0.006046 0.051755 0.001109 0.110408 0.008741 0.002041 0.797986 0.007655 0.002076 0.004095 4.98E-4 0.00505 0.442904 0.022226 0.008636 0.032336 0.006363 0.005184 0.011016 
0.016156 0.377512 0.380642 0.037098 0.046057 0.015349 0.014286 0.003429 0.018337 0.009108 0.006051 0.022088 0.645659 0.622924 0.001894 0.011856 0.046257 0.001441 0.522928 0.011572 0.004225 0.103713 0.005898 0.006604 0.003027 0.001243 0.008313 0.213778 0.016567 0.008738 0.262861 0.002898 0.008373 0.02009 
0.038084 0.418162 0.169198 0.005905 0.044685 0.006341 0.020143 0.007489 0.00622 0.009352 0.006237 0.039251 0.127579 0.666839 0.002469 0.094851 0.066336 0.001418 0.01792 0.006188 0.006024 9.99E-4 0.004178 0.007937 0.003759 0.001356 0.012039 0.555308 0.039403 0.006927 0.488486 0.004578 0.00963 0.005597 
0.018374 0.398005 0.990511 0.021141 0.02078 0.041455 0.017258 0.002671 0.031396 0.012784 0.018645 0.014362 0.517344 0.747662 0.003513 0.018615 0.021108 0.003059 0.4204 0.009343 0.008341 0.226534 0.008025 0.006002 0.006195 0.00181 0.00845 0.997552 0.064832 0.016666 0.696569 0.006833 0.010927 0.012752 
0.018423 0.517254 0.72918 0.002732 0.003024 0.002751 0.003102 0.001782 0.003382 0.157142 0.002599 0.028235 0.480933 0.873219 0.001725 0.460557 0.005899 4.21E-4 0.082693 0.011953 0.016911 0.937559 0.001716 0.00181 0.001384 9.09E-4 0.006035 0.711556 0.011365 0.002759 0.903069 0.001639 0.036673 0.00227 
0.047773 0.484039 0.933592 0.046731 0.008357 0.017315 0.007007 0.004089 0.023268 0.061215 0.0097 0.030061 0.559477 0.198737 0.002079 0.090358 0.016921 0.00119 0.395366 0.021352 0.013508 0.720343 0.005144 0.006211 0.004982 0.001614 0.006617 0.985237 0.020348 0.008172 0.639031 0.004677 0.02407 0.007566 
0.004993 0.591584 0.068582 0.018012 0.027247 0.010528 0.010065 0.011746 0.007537 0.003793 0.005541 0.013167 0.927673 0.79837 0.001162 0.008879 0.060681 0.00169 0.501701 0.002459 0.002068 0.2994 0.0029 0.015333 0.00297 4.45E-4 0.004053 0.250085 0.004932 0.00422 0.203299 0.002616 0.005346 0.00432 
0.037041 0.957975 0.010177 0.027073 0.016371 0.018454 0.013282 0.007544 0.017838 0.009281 0.013314 0.015169 0.42896 0.886235 0.002078 0.012447 0.021252 0.0015 0.246941 0.011725 0.0041 0.608821 0.008865 0.008789 0.00561 7.46E-4 0.007423 0.244173 0.036328 0.014727 0.095447 0.006335 0.010198 0.011464 
0.028458 0.505086 0.161021 0.011514 0.027777 0.013249 0.017295 0.004927 0.014659 0.015664 0.007682 0.027619 0.657729 0.342421 0.004392 0.034522 0.029235 0.004055 0.777146 0.009764 0.008885 0.432377 0.006316 0.009558 0.004092 7.96E-4 0.018401 0.65392 0.047725 0.015373 0.375332 0.004147 0.013059 0.010043 
0.059889 0.225068 0.242603 0.012452 0.0217 0.010787 0.012883 0.005299 0.013391 0.008147 0.006186 0.007146 0.892267 0.927488 0.002119 0.01564 0.015791 0.001486 0.051314 0.018127 0.004251 0.129597 0.004694 0.004902 0.003758 0.001005 0.005724 0.744868 0.046766 0.013378 0.350014 0.00291 0.013422 0.008216 
0.009108 0.839179 0.382041 0.020216 0.024252 0.008172 0.010541 0.018943 0.004097 0.004919 0.004677 0.019461 0.314621 0.64289 0.001629 0.008629 0.059519 0.001322 0.214081 0.005524 0.002902 0.791539 0.001389 0.019566 0.003814 5.77E-4 0.006445 0.543695 0.00986 0.001983 0.680236 0.002176 0.005252 0.001427 
0.004186 0.196205 0.445656 0.122902 0.009121 0.057719 0.006107 0.002149 0.073041 0.003646 0.01458 0.009727 0.260624 0.337812 8.39E-4 0.008539 0.108828 7.69E-4 0.798486 0.004704 0.001922 0.844 0.007906 0.003136 0.005712 0.003023 0.003628 0.619816 0.019852 0.014406 0.303852 0.012169 0.002882 0.011015 
0.004356 0.32978 0.912219 0.092565 0.007144 0.050096 0.006288 0.001116 0.058104 0.003427 0.00949 0.012562 0.165298 0.069973 7.02E-4 0.006313 0.094669 9.33E-4 0.950034 0.005701 0.002378 0.319206 0.005105 0.003971 0.006714 0.00394 0.004443 0.774994 0.017327 0.008281 0.204236 0.009383 0.002887 0.00814 
0.221189 0.821442 0.800523 0.025336 0.009536 0.012888 0.007115 0.003318 0.009523 0.026101 0.008116 0.011439 0.599438 0.430069 0.003964 0.013354 0.01455 0.002564 0.572239 0.009713 0.008636 0.105069 0.006245 0.003805 0.00565 0.001828 0.008259 0.399075 0.03074 0.008502 0.841086 0.005839 0.020418 0.007912 
0.013447 0.849199 0.791879 0.013023 0.011257 0.012751 0.012759 0.007835 0.017983 0.017305 0.012649 0.015148 0.5101 0.976439 0.004163 0.025427 0.026291 0.00312 0.523299 0.007872 0.008583 0.452174 0.010771 0.010866 0.006924 0.001852 0.00776 0.946916 0.021805 0.013737 0.390431 0.006674 0.014612 0.013627 
0.003861 0.613682 0.10704 0.139736 0.004408 0.068046 0.010178 0.001319 0.050025 0.003463 0.012807 0.014161 0.40297 0.811319 8.44E-4 0.005887 0.081967 6.35E-4 0.576776 0.003192 0.001914 0.724166 0.006907 0.001371 0.005896 0.001569 0.003737 0.546977 0.014282 0.015231 0.782968 0.011531 0.001884 0.010553 
0.013994 0.722903 0.073362 0.017615 0.077716 0.014226 0.005225 0.001242 0.009704 0.003131 0.005098 0.039561 0.585044 0.654883 7.4E-4 0.020222 0.104975 3.53E-4 0.890123 0.002589 0.001568 0.822326 0.002075 0.00162 0.001301 1.85E-4 0.003358 0.145732 0.011383 0.005947 0.925858 0.001779 0.002153 0.003448 
0.01165 0.708909 0.934709 0.007352 0.074104 0.006865 0.008107 0.001157 0.008334 0.004589 0.006903 0.012006 0.898548 0.06524 0.001902 0.010773 0.049497 0.001772 0.335911 0.003886 0.002346 0.817887 0.004407 0.006819 0.004434 6.24E-4 0.007549 0.479404 0.071427 0.008807 0.743221 0.00427 0.003842 0.005797 
0.027434 0.961994 0.523313 0.009535 0.055748 0.013733 0.005933 0.001337 0.010915 0.009125 0.004631 0.049146 0.662516 0.696314 0.001803 0.05837 0.177833 8.69E-4 0.519716 0.008402 0.004538 0.259894 0.002523 0.001332 0.001938 5.67E-4 0.00678 0.746105 0.035757 0.006309 0.540204 0.002059 0.008923 0.004257 
0.039096 0.495644 0.402952 0.016189 0.023021 0.019498 0.025992 0.008346 0.021335 0.008974 0.012132 0.018135 0.584103 0.301953 0.003645 0.024268 0.030961 0.002904 0.089612 0.008861 0.005784 0.51004 0.011422 0.008636 0.004928 8.38E-4 0.011728 0.760343 0.080139 0.021943 0.651368 0.008617 0.008061 0.015612 
0.019868 0.195696 0.819509 0.028335 0.008665 0.032456 0.016827 0.008484 0.030886 0.01239 0.020027 0.011683 0.060165 0.656846 0.002218 0.019337 0.036339 0.00205 0.990381 0.023062 0.004802 0.771478 0.011948 0.010393 0.015644 0.002056 0.005281 0.095945 0.025738 0.020044 0.895118 0.00996 0.015401 0.017726 
0.007259 0.437973 0.683189 0.027058 0.022224 0.068093 0.00969 0.002851 0.041844 0.004234 0.019392 0.010015 0.93612 0.610307 0.001455 0.009973 0.023224 0.00163 0.801076 0.004502 0.002399 0.962114 0.006671 0.00297 0.004988 4.54E-4 0.004769 0.229603 0.084508 0.010911 0.940337 0.007071 0.004148 0.011699 
0.044897 0.087469 0.001358 0.005665 0.026411 0.006204 0.024051 0.003945 0.006404 0.022081 0.005999 0.078471 0.815435 0.424085 0.003168 0.085953 0.0645 0.001267 0.341065 0.011458 0.010515 0.003091 0.004613 0.002951 0.004751 0.001663 0.019061 0.939003 0.052608 0.008852 0.260727 0.003539 0.012951 0.00586 
0.028435 0.991188 0.862057 0.027067 0.020435 0.02167 0.009876 0.003206 0.015655 0.008399 0.016489 0.01454 0.402554 0.675862 0.002839 0.010525 0.01614 0.002169 0.248949 0.00926 0.004872 0.61474 0.00702 0.005267 0.007741 9.48E-4 0.009761 0.290462 0.039545 0.011901 0.203699 0.006667 0.009295 0.008325 
0.021942 0.805404 0.450883 0.003583 0.002141 0.00421 0.003208 0.001163 0.006504 0.071104 0.002217 0.025601 0.459876 0.052192 9.96E-4 0.547215 0.008938 2.26E-4 0.219681 0.009918 0.009936 0.55114 0.00178 7.68E-4 0.001285 4.31E-4 0.003641 0.108046 0.010822 0.003606 0.70085 0.001295 0.022727 0.002853 
0.025217 0.565067 0.436752 0.007048 0.005161 0.007867 0.003144 0.001785 0.011226 0.083633 0.004464 0.022735 0.057853 0.300117 0.001059 0.380662 0.010825 4.04E-4 0.002122 0.010671 0.013028 0.572255 0.002472 0.001877 0.002302 6.5E-4 0.006596 0.909465 0.022784 0.005655 0.823817 0.002176 0.037259 0.004791 
0.016901 0.863766 0.570892 0.020508 0.023313 0.019217 0.009406 0.007247 0.021014 0.011902 0.012713 0.01945 0.636577 0.243504 0.005076 0.017733 0.047326 0.003721 0.751779 0.012829 0.007905 0.927112 0.008117 0.011518 0.007266 0.001614 0.013759 0.546313 0.049607 0.013834 0.169839 0.007251 0.011504 0.01135 
0.00551 0.878328 0.262219 0.02507 0.037209 0.060532 0.010817 0.002417 0.040689 0.005134 0.016908 0.014484 0.486932 0.084258 8.43E-4 0.013526 0.020567 8.24E-4 0.563238 0.003714 0.002795 0.579593 0.005564 0.003455 0.005792 5.6E-4 0.004074 0.574126 0.065638 0.015081 0.06095 0.005595 0.003017 0.011857 
0.008901 0.610092 0.02725 0.036742 0.066137 0.014336 0.01072 0.004209 0.017607 0.005678 0.009197 0.023461 0.439134 0.053824 7.04E-4 0.007605 0.040412 0.001523 0.862187 0.008349 0.002443 0.876184 0.007828 0.008689 0.003374 0.001094 0.004986 0.205181 0.036237 0.009885 0.203592 0.00485 0.006168 0.011861 
0.013521 0.587403 0.35038 0.038002 0.035964 0.009723 0.015061 0.003988 0.01611 0.007065 0.004804 0.020005 0.437894 0.640194 0.001898 0.011014 0.035895 0.001158 0.16294 0.012626 0.004483 0.478497 0.004644 0.007873 0.003326 7.89E-4 0.007368 0.141663 0.041803 0.007703 0.145806 0.002821 0.006494 0.013268 
0.058427 0.247024 0.314062 0.020435 0.016964 0.013874 0.007389 0.003524 0.011524 0.007355 0.010809 0.012691 0.326034 0.708011 0.002943 0.010303 0.024251 0.003593 0.143638 0.013582 0.003922 0.894501 0.005874 0.004921 0.006983 0.001185 0.009637 0.156808 0.024074 0.009228 0.310679 0.004858 0.007455 0.007238 
0.012384 0.491146 0.092069 0.014756 0.006083 0.016106 0.005683 0.006817 0.015522 0.046871 0.00997 0.039446 0.421006 0.28735 0.002814 0.095758 0.026946 6.54E-4 0.170903 0.003964 0.005507 0.024027 0.003757 0.003845 0.00268 6.82E-4 0.008056 0.582431 0.024257 0.008953 0.278267 0.002799 0.008422 0.007235 
0.024393 0.864803 0.60295 0.009314 0.005059 0.010643 0.006484 0.006763 0.010368 0.041996 0.004658 0.054495 0.870475 0.72221 0.002256 0.11264 0.044396 8.83E-4 0.338999 0.006094 0.004242 0.265302 0.002091 0.004309 0.002296 3.72E-4 0.01057 0.132285 0.018611 0.004389 0.058109 0.001816 0.01148 0.003231 
0.0141 0.816235 0.842388 0.013097 0.013369 0.013068 0.01959 0.004538 0.018826 0.016575 0.015999 0.019513 0.219077 0.309525 0.003639 0.01699 0.016241 0.003795 0.687579 0.009694 0.006389 0.662933 0.013799 0.007127 0.010323 0.001425 0.012415 0.52085 0.074326 0.035477 0.793878 0.011229 0.00929 0.02236 
0.01879 0.153519 0.575135 0.018143 0.013518 0.021173 0.009381 0.008963 0.024258 0.01393 0.018435 0.023685 0.625636 0.850608 0.002258 0.032083 0.025158 0.00234 0.33787 0.019081 0.009357 0.750985 0.012207 0.009706 0.011551 0.005514 0.007123 0.173883 0.022859 0.012715 0.356787 0.008908 0.022235 0.013793 
0.042102 0.234251 0.064932 0.02681 0.013198 0.02184 0.010801 0.004328 0.021348 0.006648 0.012672 0.007251 0.381266 0.393435 0.002626 0.008047 0.011439 0.001725 0.053575 0.01008 0.004116 0.35858 0.007066 0.006176 0.006528 0.001236 0.005949 0.506747 0.044563 0.01575 0.203504 0.005768 0.009346 0.010799 
0.013332 0.015908 0.202747 0.024131 0.011282 0.024177 0.01928 0.011215 0.025821 0.010213 0.021104 0.013753 0.149607 0.971111 0.003305 0.014608 0.019141 0.002992 0.297596 0.015009 0.005917 0.954959 0.019245 0.009031 0.014919 0.003775 0.006579 0.166353 0.026578 0.0249 0.957514 0.015081 0.016606 0.020019 
0.020296 0.861657 0.98974 0.015014 0.021482 0.017363 0.015014 0.008229 0.021921 0.014928 0.011995 0.015067 0.269812 0.748747 0.005768 0.019544 0.02702 0.003582 0.644366 0.016835 0.008564 0.183676 0.010468 0.008298 0.00659 0.003271 0.01183 0.489619 0.054401 0.018592 0.032633 0.007778 0.01388 0.013421 
0.003794 0.585747 0.421069 0.074788 0.005539 0.084521 0.005631 0.001489 0.068799 0.002867 0.01422 0.011028 0.764788 0.534291 8.12E-4 0.006676 0.140097 7.0E-4 0.253064 0.003993 0.00208 0.056813 0.009863 0.00215 0.00499 0.002373 0.004651 0.771485 0.019195 0.015771 0.174155 0.013776 0.001671 0.013372 
0.012759 0.117145 0.935976 0.015907 0.039271 0.015152 0.002824 7.61E-4 0.010263 0.004995 0.005284 0.048734 0.497838 0.839254 0.001204 0.021108 0.153706 6.02E-4 0.970145 0.002528 0.002906 0.389282 0.001826 8.17E-4 0.001323 2.62E-4 0.00513 0.487999 0.01958 0.004065 0.240424 0.001759 0.003404 0.002743 
0.024253 0.111185 0.974191 0.019899 0.026106 0.039589 0.031688 0.005153 0.032703 0.011636 0.014256 0.015496 0.509839 0.420756 0.005477 0.017865 0.026119 0.005762 0.311475 0.009493 0.006528 0.197279 0.008496 0.004736 0.004133 0.001691 0.010893 0.917299 0.045506 0.025402 0.297354 0.007785 0.011799 0.014389 
0.008362 0.096227 0.980997 0.025919 0.033955 0.011401 0.006458 0.012587 0.007364 0.002475 0.006498 0.010542 0.750245 0.570256 0.001192 0.004203 0.036792 0.001568 0.976632 0.005043 0.001548 0.233516 0.002647 0.016532 0.00414 4.45E-4 0.00322 0.959141 0.011509 0.004623 0.384582 0.002883 0.004624 0.003811 
0.007429 0.307986 0.068134 0.03805 0.05122 0.014786 0.019117 0.003817 0.017879 0.004649 0.008216 0.029445 0.141336 0.531049 0.001902 0.004799 0.062644 0.001781 0.715107 0.005519 0.003725 0.714242 0.005573 0.00641 0.00314 7.23E-4 0.008815 0.467517 0.026664 0.0095 0.671164 0.003849 0.002549 0.018737 
0.005818 0.574617 0.346649 0.017101 0.018515 0.010701 0.010876 0.01774 0.009272 0.002996 0.005578 0.011268 0.62545 0.672451 0.001192 0.006041 0.038595 0.001035 0.901831 0.003245 0.001765 0.334619 0.001717 0.014889 0.003016 3.44E-4 0.004426 0.120263 0.009897 0.004739 0.863938 0.002293 0.004434 0.00328 
0.03012 0.492934 0.74767 0.017149 0.021011 0.016444 0.015576 0.004815 0.022569 0.011769 0.011846 0.016974 0.571186 0.482305 0.00263 0.019698 0.027689 0.001625 0.539996 0.011708 0.005178 0.320244 0.011017 0.008034 0.00864 6.79E-4 0.010667 0.052211 0.040578 0.025196 0.221653 0.008343 0.009791 0.015104 
0.019426 0.999329 0.167561 0.012498 0.023044 0.017335 0.021625 0.006039 0.025197 0.010919 0.012699 0.012345 0.838406 0.213661 0.002872 0.014743 0.01925 0.003194 0.397839 0.009109 0.005136 0.502201 0.010272 0.007181 0.008258 6.58E-4 0.009774 0.162899 0.078161 0.054335 0.355407 0.007288 0.008788 0.024295 
0.028779 0.278785 0.778361 0.004313 0.004971 0.006277 0.005145 0.001233 0.008979 0.105597 0.002867 0.036963 0.894236 0.41996 0.002153 0.408492 0.010038 3.18E-4 0.239877 0.008991 0.01667 0.069368 0.002444 0.001169 8.64E-4 0.001061 0.005481 0.52698 0.019605 0.005933 0.37937 0.001531 0.038755 0.004273 
0.010885 0.329904 0.11087 0.02212 0.022301 0.009989 0.00731 0.012665 0.007899 0.003699 0.011453 0.013225 0.323401 0.531685 0.001111 0.00825 0.048839 8.21E-4 0.521122 0.005396 0.001992 0.37521 0.006727 0.011754 0.00797 5.76E-4 0.004071 0.207158 0.011022 0.004193 0.342105 0.010027 0.005265 0.005687 
0.016928 0.120178 0.89894 0.011663 0.053215 0.014022 0.032735 0.00198 0.009747 0.006208 0.008794 0.008747 0.443017 0.348575 0.002265 0.00892 0.043306 0.009024 0.041921 0.00586 0.002287 0.353639 0.004791 0.005273 0.007524 0.010742 0.006535 0.123381 0.071048 0.015181 0.569111 0.007888 0.004392 0.011618 
0.020843 0.527025 0.922358 0.04411 0.025648 0.019715 0.012579 0.001814 0.011953 0.006956 0.009994 0.010191 0.084997 0.812833 0.001059 0.035036 0.127334 7.41E-4 0.244096 0.005787 0.00283 0.053598 0.003632 0.002144 0.004074 5.28E-4 0.003679 0.600345 0.06262 0.011868 0.118853 0.003242 0.007241 0.006214 
0.034977 0.650531 0.6982 0.018221 0.023548 0.017636 0.016076 0.005394 0.018423 0.012651 0.011877 0.023124 0.858353 0.661776 0.00479 0.021532 0.039819 0.004417 0.117565 0.01224 0.008125 0.733742 0.009058 0.005817 0.007842 0.001311 0.015347 0.104822 0.032054 0.016771 0.516271 0.008376 0.012169 0.012296 
0.181234 0.078229 0.680395 0.031163 0.009437 0.021148 0.007267 0.003285 0.016336 0.013321 0.0119 0.009803 0.566861 0.738257 0.002912 0.009498 0.021111 0.003073 0.038002 0.005501 0.00533 0.371379 0.006098 0.006678 0.005107 8.75E-4 0.00711 0.548009 0.061763 0.010367 0.456351 0.007512 0.007783 0.008135 
0.02734 0.885521 0.355922 0.020264 0.015502 0.028506 0.014298 0.007649 0.030917 0.013678 0.014957 0.024917 0.131947 0.288071 0.005227 0.018408 0.040665 0.003496 0.250343 0.009957 0.009128 0.395871 0.009718 0.008955 0.007161 0.002235 0.014037 0.753792 0.034023 0.017451 0.02124 0.007042 0.010057 0.015202 
0.066143 0.777232 0.054189 0.065653 0.009558 0.006093 0.006296 0.00293 0.014569 0.046123 0.00411 0.020698 0.2472 0.990385 0.001678 0.099702 0.016052 0.001399 0.50094 0.022562 0.014005 0.608961 0.002947 0.006168 0.003891 0.001876 0.004199 0.18676 0.013787 0.008582 0.511064 0.002657 0.052181 0.005039 
0.044185 0.012756 0.881899 0.004552 0.002335 0.005173 0.003972 0.001395 0.00831 0.105448 0.003827 0.029451 0.138662 0.540223 0.001866 0.378665 0.00913 5.38E-4 0.101662 0.008389 0.016576 0.923556 0.002909 0.001242 0.001961 5.71E-4 0.007046 0.81102 0.009628 0.00491 0.377159 0.002021 0.047654 0.004166 
0.029876 0.130974 0.042253 0.011928 0.014488 0.011387 0.021338 0.006115 0.016285 0.011156 0.010415 0.014038 0.870902 0.91788 0.002672 0.020944 0.017184 0.001686 0.137304 0.009382 0.005034 0.904722 0.011715 0.004627 0.007875 8.41E-4 0.007148 0.550811 0.064669 0.052518 0.833729 0.007041 0.007011 0.02658 
0.063613 0.817688 0.125014 0.023543 0.015006 0.017692 0.009625 0.004924 0.014253 0.017811 0.009858 0.021912 0.297795 0.083821 0.007344 0.044097 0.032795 0.003867 0.337712 0.012477 0.011591 0.388356 0.006315 0.010529 0.007423 0.001683 0.017959 0.597083 0.041154 0.010308 0.981176 0.005476 0.013692 0.009337 
0.033611 0.886328 0.207157 0.002768 0.002244 0.004 0.001992 8.92E-4 0.00491 0.125297 0.002412 0.027736 0.986098 0.810921 0.001625 0.440837 0.011697 2.74E-4 0.476508 0.011319 0.017904 0.757084 0.001754 8.43E-4 8.39E-4 9.52E-4 0.006003 0.633455 0.007204 0.003532 0.47223 0.001291 0.061427 0.002505 
0.012553 0.615393 0.861008 0.026474 0.02337 0.019445 0.014878 0.008874 0.021771 0.004954 0.011282 0.006953 0.858554 0.919603 0.001848 0.008898 0.081409 0.001944 0.384816 0.009404 0.002447 0.283939 0.00794 0.00871 0.006671 8.06E-4 0.008088 0.217792 0.036194 0.016011 0.77949 0.006247 0.00719 0.014438 

