0.012595 0.250306 0.001732 0.012736 0.012642 0.008255 0.007717 0.020638 0.009859 0.012583 0.009 0.025338 0.007794 0.015329 0.017283 0.008647 0.084423 0.003807 0.121017 0.04641 0.02644 0.066386 0.010074 0.063891 0.083986 0.001745 0.003791 0.007866 0.682458 0.007873 0.811347 0.010018 0.0038 0.017551 0.01054 0.006114 
0.031349 0.069279 0.002457 0.015957 0.016305 0.00717 0.01876 0.021562 0.01392 0.003385 0.017839 0.006462 0.008201 0.015577 0.025182 0.016991 0.788891 0.005161 0.010281 0.028307 0.037664 0.021211 0.008328 0.014152 0.070214 0.001507 0.003806 0.020523 0.11403 0.015487 0.136007 0.009908 0.005849 0.010906 0.030076 0.010975 
0.013897 0.274479 0.006978 0.005408 0.005584 0.012362 0.005693 0.084218 0.062249 0.009369 0.008747 0.0142 0.009656 0.00888 0.014118 0.003887 0.559357 0.002379 0.021525 0.016771 0.041944 0.03328 0.013699 0.018916 0.081623 0.009807 0.004033 0.008345 0.720262 0.01254 0.867518 0.009591 0.00762 0.008441 0.00849 0.010624 
0.00627 0.259965 0.001169 0.018622 0.002089 0.002258 0.003505 0.023598 0.007228 0.008048 0.015829 0.047204 0.009163 0.023131 0.071312 0.002121 0.993343 0.002723 0.021728 0.05173 0.012187 0.029748 0.004125 0.076853 0.240905 9.7E-4 7.42E-4 0.013825 0.742372 0.009408 0.758974 0.007514 0.004128 0.005338 0.003543 0.010223 
0.023103 0.775334 0.001562 0.024136 0.008164 0.007308 0.006041 0.020701 0.023474 0.005378 0.049353 0.013443 0.013571 0.00495 0.007456 0.008416 0.948002 0.002907 0.00901 0.007711 0.032976 0.014481 0.013624 0.028431 0.959381 0.001624 0.003132 0.005574 0.944784 0.030798 0.607727 0.014191 0.00827 0.010197 0.011636 0.02421 
0.012764 0.534832 0.001113 0.024438 0.004179 0.006092 0.005742 0.086272 0.014618 0.001997 0.019907 0.004659 0.006076 0.006947 0.020961 0.003856 0.068371 0.001697 0.005143 0.012348 0.071825 0.031227 0.016976 0.009424 0.22664 0.00103 0.002374 0.007914 0.828096 0.007431 0.289485 0.041251 0.00416 0.007744 0.008442 0.012055 
0.028834 0.806467 0.001158 0.008967 0.00734 0.003904 0.003476 0.105525 0.007842 0.005435 0.013 0.011777 0.005206 0.012603 0.026531 0.004521 0.78962 0.001785 0.016627 0.032528 0.044941 0.061939 0.006155 0.018118 0.321473 6.55E-4 0.002367 0.007836 0.049858 0.00841 0.601399 0.010974 0.002875 0.013162 0.012216 0.005617 
0.033557 0.767244 3.42E-4 0.014088 0.003013 0.00247 0.004274 0.023202 0.014141 0.001376 0.01247 0.003691 0.004444 0.003969 0.03738 0.003931 0.685289 0.001378 0.00439 0.042167 0.177737 0.009342 0.006281 0.014505 0.252854 3.08E-4 6.56E-4 0.005505 0.712647 0.013787 0.049862 0.031175 0.002015 0.00502 0.008708 0.005892 
0.023734 0.862722 0.001281 0.019102 0.01218 0.004719 0.012307 0.023184 0.014169 0.004949 0.024316 0.008941 0.00654 0.015927 0.0192 0.011671 0.83427 0.005138 0.011992 0.021981 0.026467 0.020239 0.010043 0.024408 0.493882 0.001987 0.001651 0.013418 0.952125 0.015469 0.242876 0.018991 0.006945 0.014357 0.02059 0.008971 
0.010156 0.151341 3.41E-4 0.024842 0.002574 0.003347 0.00348 0.029699 0.009454 0.001249 0.010133 0.005884 0.004775 0.00834 0.027445 0.003016 0.808652 0.00174 0.003196 0.050749 0.159972 0.00685 0.008478 0.011865 0.34932 5.8E-4 7.67E-4 0.005628 0.766299 0.009188 0.496721 0.03323 0.002788 0.008145 0.00514 0.005865 
0.006658 0.655693 6.38E-4 0.004714 0.002664 0.003285 0.003645 0.007385 0.006269 0.002868 0.010378 0.006096 0.005032 0.106959 0.024761 0.001889 0.251329 0.001786 0.004024 0.316729 0.015596 0.006301 0.006322 0.005054 0.826199 0.001146 0.00118 0.007515 0.966802 0.007192 0.546453 0.03635 0.002392 0.036962 0.005292 0.005289 
0.022202 0.829056 0.002554 0.017067 0.007641 0.004752 0.009733 0.01551 0.02332 0.003905 0.035967 0.008534 0.010006 0.011763 0.01823 0.00831 0.538747 0.00335 0.010586 0.021082 0.02451 0.018523 0.006896 0.026621 0.017173 0.001235 0.001359 0.011392 0.751695 0.018188 0.626591 0.009319 0.009741 0.008328 0.019486 0.018788 
0.001868 0.53049 2.88E-4 0.003016 0.001012 0.002972 0.002028 0.003199 0.003816 0.001341 0.005967 0.002588 0.002754 0.110424 0.037563 7.86E-4 0.677725 0.001615 0.001775 0.44133 0.009897 0.002896 0.008918 0.003442 0.508787 8.17E-4 5.25E-4 0.005333 0.71747 0.004869 0.859717 0.030358 0.001432 0.045703 0.001612 0.003437 
0.01276 0.512666 0.001235 0.006591 0.003947 0.001756 0.004312 0.259755 0.0123 0.004405 0.011595 0.007329 0.006918 0.005489 0.013242 0.004056 0.904613 0.001182 0.027639 0.018724 0.074974 0.026026 0.002407 0.020909 0.083582 5.8E-4 0.001066 0.005305 0.226045 0.009364 0.832865 0.003453 0.003862 0.00318 0.007955 0.007446 
0.016167 0.872813 0.001858 0.119552 0.001574 0.002517 0.002419 0.010931 0.00686 0.001061 0.086096 0.001616 0.004459 0.002517 0.009745 0.001802 0.139689 7.16E-4 0.001702 0.006993 0.121107 0.017902 0.003249 0.0036 0.711735 0.00236 0.001248 0.004425 0.888391 0.016876 0.938002 0.003678 0.012403 0.001398 0.007469 0.01473 
0.005321 0.155553 0.001371 0.061863 0.002923 0.005069 0.002414 0.025019 0.01409 0.003599 0.014427 0.027764 0.006799 0.081128 0.039264 0.001935 0.454425 0.002027 0.019558 0.070208 0.01781 0.012186 0.007887 0.02482 0.152538 0.001607 0.00278 0.005249 0.102408 0.011042 0.089569 0.04253 0.002418 0.082747 0.003424 0.006929 
0.006732 0.360468 5.17E-4 0.012691 0.00371 0.002297 0.003425 0.031488 0.018173 0.001494 0.029234 0.006476 0.004115 0.004763 0.021786 0.003125 0.21461 0.001253 0.010206 0.022917 0.036134 0.020232 0.003674 0.0587 0.080281 4.44E-4 9.52E-4 0.004737 0.853371 0.01163 0.828906 0.060436 0.003286 0.00383 0.00426 0.008388 
0.030977 0.287648 8.73E-4 0.022341 0.005734 0.009742 0.003257 0.049009 0.008263 0.01122 0.01561 0.025743 0.016824 0.006476 0.004898 0.00372 0.582181 0.001407 0.035533 0.009771 0.096932 0.027431 0.018561 0.016293 0.460648 0.00181 0.003794 0.004195 0.404384 0.01165 0.084627 0.01981 0.005083 0.014716 0.010654 0.010612 
0.004416 0.424476 7.83E-4 0.039948 0.00349 0.006484 0.002987 0.024604 0.004118 0.003288 0.011356 0.017771 0.003677 0.07586 0.016506 0.002891 0.070764 0.001699 0.025497 0.123646 0.014698 0.011937 0.023087 0.016314 0.883615 0.001809 0.002776 0.004359 0.118975 0.006122 0.607257 0.092541 0.003547 0.069565 0.002995 0.005171 
0.005205 0.083498 5.45E-4 0.008323 0.00183 0.002237 0.002244 0.034981 0.010452 0.006381 0.022253 0.030822 0.00848 0.032732 0.050173 0.001872 0.447007 0.00197 0.016626 0.068475 0.022674 0.029407 0.003416 0.043359 0.949706 5.74E-4 9.84E-4 0.007364 0.627904 0.016036 0.279829 0.00523 0.003567 0.010474 0.004204 0.010339 
0.018253 0.631955 0.002991 0.024749 0.011406 0.003633 0.009632 0.019813 0.019671 0.00611 0.04019 0.009704 0.010754 0.007422 0.014691 0.009945 0.571413 0.003733 0.015921 0.015028 0.022003 0.024524 0.006711 0.043259 0.378823 0.001471 0.002213 0.009335 0.379724 0.027805 0.24327 0.010646 0.013687 0.00697 0.017909 0.017915 
0.028508 0.339688 0.002506 0.007924 0.003621 0.003454 0.003124 0.09765 0.007472 0.002498 0.016433 0.007706 0.004317 0.010357 0.032547 0.002338 0.506833 0.001636 0.006808 0.046477 0.055986 0.047223 0.006318 0.009625 0.243873 8.81E-4 0.001918 0.005589 0.093625 0.008574 0.197862 0.008466 0.00567 0.012851 0.006125 0.006508 
0.005139 0.46741 0.001964 0.043387 0.003003 0.004231 0.002326 0.019037 0.004297 0.002144 0.012088 0.012222 0.003812 0.089346 0.023467 0.002458 0.290186 0.002163 0.018752 0.09182 0.010944 0.010918 0.020839 0.017479 0.123861 9.52E-4 0.00188 0.004241 0.019765 0.007571 0.656694 0.122986 0.004673 0.067811 0.003334 0.005947 
0.011007 0.329975 0.001006 0.022063 0.006345 0.006409 0.004516 0.020257 0.009704 0.005282 0.015436 0.008243 0.007117 0.008407 0.008335 0.005335 0.806293 0.001708 0.010826 0.013977 0.010439 0.027199 0.010776 0.176198 0.171364 0.001169 0.003122 0.00488 0.151869 0.01144 0.966472 0.050764 0.005848 0.009983 0.006829 0.009413 
0.015399 0.255962 0.001268 0.025363 0.008673 0.003563 0.007231 0.023778 0.007782 0.003677 0.008118 0.007628 0.004741 0.014126 0.010487 0.007332 0.466757 0.003426 0.014517 0.014659 0.018625 0.027509 0.003812 0.017283 0.488988 9.01E-4 0.001948 0.008264 0.901774 0.006899 0.929169 0.152978 0.005525 0.006446 0.010356 0.004757 
0.022361 0.802237 0.002178 0.015511 0.011079 0.005743 0.012391 0.025574 0.01813 0.003515 0.03579 0.008596 0.009142 0.016195 0.018228 0.011747 0.859378 0.004983 0.011063 0.019828 0.023576 0.023623 0.008774 0.022995 0.810615 0.002569 0.00184 0.01366 0.19791 0.021186 0.708113 0.0131 0.005972 0.012886 0.020007 0.011925 
0.043515 0.462018 0.001938 0.008059 0.00461 0.002896 0.00407 0.126392 0.008293 0.001787 0.014254 0.00689 0.004188 0.00941 0.017982 0.004067 0.991203 0.001822 0.006069 0.035538 0.034242 0.032473 0.004313 0.010029 0.408063 7.62E-4 0.001843 0.006625 0.975845 0.012155 0.826307 0.006455 0.002447 0.01059 0.008579 0.007537 
0.020987 0.700043 7.21E-4 0.0165 0.005044 0.002661 0.006088 0.030891 0.011958 0.014602 0.00793 0.117176 0.010518 0.004691 0.023262 0.004981 0.679905 0.002401 0.098686 0.010772 0.058491 0.045444 0.003534 0.076453 0.753201 4.72E-4 0.001236 0.01086 0.083156 0.005647 0.214512 0.018155 0.002507 0.004105 0.005211 0.003882 
0.025505 0.733773 0.007399 0.00637 0.007839 0.013804 0.005435 0.136622 0.042245 0.002041 0.009578 0.005649 0.00395 0.002052 0.006999 0.005583 0.379839 0.001672 0.008374 0.00413 0.043255 0.045729 0.003685 0.012192 0.68672 0.011368 0.001746 0.008315 0.12952 0.010282 0.437172 0.0039 0.007789 0.003003 0.011454 0.012025 
0.015104 0.475879 0.003848 0.031659 0.01021 0.00578 0.010125 0.019128 0.023464 0.006441 0.030021 0.012829 0.009971 0.012031 0.014478 0.009894 0.655611 0.005379 0.014365 0.019901 0.017089 0.022346 0.009126 0.032899 0.594194 0.001526 0.001952 0.010717 0.897647 0.020927 0.368311 0.014361 0.010433 0.009558 0.014935 0.016727 
0.010914 0.857374 0.001768 0.010405 0.008646 0.007932 0.008478 0.02308 0.020596 0.008648 0.030748 0.011199 0.013871 0.0208 0.018335 0.007565 0.972089 0.003625 0.010126 0.012509 0.016166 0.013258 0.01166 0.011021 0.650459 0.001381 0.003434 0.011535 0.139759 0.081865 0.08437 0.019837 0.005971 0.011479 0.011795 0.022957 
0.005904 0.171481 8.86E-4 0.013074 0.002392 0.002775 0.002162 0.018477 0.004539 0.008601 0.016464 0.045066 0.004076 0.031287 0.037626 0.001702 0.492667 0.001342 0.029404 0.091346 0.048407 0.011756 0.006092 0.064469 0.364401 8.16E-4 0.001636 0.006056 0.675191 0.007194 0.795362 0.010473 0.003306 0.010315 0.004247 0.006192 
0.009834 0.915477 0.001602 0.00859 0.003589 0.006476 0.003845 0.074706 0.019434 0.005378 0.00746 0.013218 0.014857 0.008657 0.029991 0.003075 0.482507 0.001901 0.008394 0.099937 0.058351 0.045837 0.010788 0.039477 0.578572 0.001526 0.002748 0.007195 0.952205 0.008511 0.895597 0.01102 0.004265 0.010197 0.007791 0.005438 
0.005616 0.973014 6.15E-4 0.006712 0.002155 0.002708 0.003257 0.019116 0.008844 0.011729 0.016784 0.059768 0.00679 0.025289 0.046806 0.002242 0.30915 0.001824 0.035164 0.077746 0.024516 0.033726 0.003357 0.113614 0.326245 0.001194 0.001018 0.008324 0.282205 0.012632 0.365033 0.006187 0.002299 0.007282 0.005562 0.008606 
0.036701 0.995374 7.69E-4 0.004492 0.004408 0.00159 0.002996 0.098331 0.010434 0.004246 0.012609 0.010484 0.007039 0.007551 0.020393 0.002901 0.703953 0.001404 0.012605 0.037237 0.054893 0.066226 0.002578 0.023819 0.832513 8.33E-4 0.001241 0.005795 0.234926 0.011342 0.649751 0.004756 0.002557 0.007219 0.005699 0.006251 
0.025392 0.847759 0.001254 0.015498 0.008665 0.004082 0.008848 0.078719 0.010978 0.006877 0.00977 0.019866 0.009729 0.011433 0.018784 0.007311 0.586178 0.002701 0.022005 0.015601 0.061847 0.038975 0.006872 0.016242 0.355828 8.43E-4 0.001923 0.013465 0.796751 0.012397 0.582781 0.012418 0.004489 0.010649 0.015583 0.008859 
0.019527 0.747197 0.001109 0.022226 0.008856 0.006773 0.0077 0.02503 0.009866 0.008343 0.02189 0.019814 0.006814 0.008901 0.012534 0.008592 0.689638 0.003288 0.032616 0.012402 0.052407 0.024593 0.010157 0.051184 0.908526 0.00124 0.002395 0.009173 0.279039 0.010845 0.260512 0.01708 0.005754 0.010337 0.014468 0.009967 
0.00925 0.964257 9.58E-4 0.004772 0.004368 0.002274 0.005252 0.049128 0.014557 0.005321 0.00486 0.010213 0.009697 0.010021 0.057264 0.003786 0.299175 0.001632 0.010612 0.141137 0.054038 0.058908 0.004248 0.041083 0.665325 9.93E-4 0.001088 0.010871 0.400883 0.006592 0.671151 0.010986 0.002319 0.00516 0.014745 0.00378 
0.021976 0.889635 0.006883 0.007559 0.005921 0.013904 0.00571 0.077104 0.073742 0.006038 0.009261 0.013515 0.009206 0.006672 0.015137 0.004195 0.437773 0.001953 0.012995 0.011427 0.069094 0.032214 0.005707 0.021143 0.65803 0.010898 0.002342 0.011311 0.471568 0.008406 0.109633 0.006067 0.007506 0.006399 0.011879 0.011794 
0.006507 0.560333 0.001338 0.023615 0.004428 0.005296 0.003104 0.023573 0.007098 0.004739 0.012337 0.04296 0.018498 0.074191 0.021608 0.002509 0.300809 0.002952 0.018171 0.098373 0.012633 0.011573 0.012954 0.018044 0.241937 0.00217 0.002335 0.00399 0.873536 0.009426 0.612727 0.078535 0.002531 0.049641 0.00511 0.008109 
0.00854 0.7059 0.001182 0.030382 0.004187 0.008134 0.003592 0.019274 0.010215 0.003938 0.019322 0.006741 0.007422 0.010388 0.010574 0.003498 0.006226 0.002317 0.009756 0.01128 0.009607 0.029414 0.016757 0.126108 0.741629 0.001438 0.0026 0.00647 0.298201 0.013506 0.700892 0.062636 0.005954 0.011813 0.005619 0.010058 
0.02465 0.646346 0.006337 0.009157 0.007114 0.013391 0.005338 0.081323 0.035659 0.004331 0.008739 0.00762 0.007109 0.007618 0.012173 0.00486 0.476575 0.001475 0.008843 0.010644 0.060322 0.046326 0.006068 0.015604 0.959609 0.010295 0.001533 0.007799 0.56743 0.008711 0.379573 0.007022 0.00661 0.007531 0.011067 0.010923 
0.011686 0.198807 8.11E-4 0.014292 0.004867 0.002478 0.006384 0.01026 0.012794 0.002611 0.014538 0.007491 0.008803 0.013721 0.013725 0.005492 0.026315 0.003848 0.008241 0.009744 0.013502 0.011499 0.003969 0.014753 0.535117 9.46E-4 0.001085 0.009307 0.548472 0.013677 0.623169 0.17136 0.003829 0.012965 0.009586 0.008787 
0.010442 0.905158 9.29E-4 0.05053 0.005926 0.005383 0.006803 0.078207 0.01394 0.002887 0.020437 0.005566 0.008849 0.006548 0.018132 0.005045 0.999793 0.003126 0.007328 0.00896 0.059172 0.012036 0.01147 0.012647 0.109361 0.001144 0.001782 0.008936 0.389587 0.012088 0.876351 0.025355 0.002656 0.006822 0.009837 0.021803 
0.019201 0.083316 0.002332 0.009283 0.004002 0.003287 0.002554 0.109842 0.009364 0.002722 0.01301 0.008855 0.006119 0.00441 0.014517 0.003611 0.366833 0.001559 0.008122 0.034125 0.03235 0.036594 0.003553 0.020902 0.346502 8.91E-4 0.002138 0.003551 0.034777 0.008931 0.511106 0.006712 0.005436 0.007979 0.00426 0.008785 
0.010698 0.461121 0.002848 0.018583 0.010206 0.009506 0.009037 0.015446 0.014699 0.005157 0.025185 0.01027 0.015032 0.017851 0.019551 0.007956 0.564269 0.003218 0.010324 0.012297 0.020625 0.021204 0.015506 0.011086 0.806096 0.001227 0.004984 0.013138 0.383914 0.032408 0.090962 0.016162 0.00854 0.012788 0.011313 0.021359 
0.02615 0.567841 0.003216 0.018811 0.009752 0.010645 0.008586 0.021597 0.017284 0.007983 0.015363 0.013569 0.012935 0.008299 0.011506 0.008911 0.25611 0.00284 0.019731 0.016934 0.033202 0.018544 0.014513 0.021763 0.74849 0.001609 0.004487 0.008384 0.653457 0.016276 0.298964 0.020033 0.008657 0.01001 0.016198 0.012349 
0.015316 0.638244 0.003463 0.015937 0.008309 0.006945 0.006421 0.046847 0.014951 0.006188 0.017569 0.014463 0.011745 0.015511 0.017504 0.005588 0.216471 0.00312 0.016841 0.012836 0.019111 0.028736 0.012375 0.021777 0.342871 0.001321 0.003101 0.008175 0.034834 0.02262 0.343006 0.016612 0.010737 0.009491 0.010217 0.017859 
0.014783 0.385102 0.008215 0.007348 0.009846 0.016071 0.006426 0.074664 0.036664 0.007077 0.011023 0.010434 0.009597 0.004797 0.026354 0.006852 0.03676 0.003103 0.011931 0.009882 0.060301 0.049879 0.003804 0.020676 0.743675 0.012907 0.001706 0.01279 0.918922 0.016234 0.251504 0.003343 0.008997 0.003628 0.012127 0.01372 
0.021004 0.891393 0.001038 0.0081 0.012235 0.002236 0.006924 0.155295 0.006802 0.001258 0.008402 0.001803 0.003438 0.004411 0.01303 0.007692 0.209915 0.001269 0.014908 0.014932 0.091306 0.011796 0.003116 0.02478 0.650474 5.86E-4 0.001633 0.00735 0.517861 0.007397 0.861106 0.005206 0.003659 0.002297 0.015341 0.004902 
0.015224 0.035016 0.001291 0.020824 0.003522 0.004799 0.003969 0.024334 0.010199 0.013336 0.007563 0.121648 0.014434 0.003593 0.008626 0.003692 0.988568 0.001351 0.069424 0.008757 0.043689 0.062488 0.007491 0.091328 0.908439 7.3E-4 0.002222 0.004606 0.875721 0.004977 0.03975 0.023199 0.00398 0.007378 0.006699 0.004557 
0.007166 0.316071 0.001444 0.043166 0.005342 0.006974 0.003357 0.01856 0.008515 0.003826 0.0168 0.019899 0.004087 0.035722 0.024079 0.004036 0.850614 0.001971 0.026853 0.076724 0.01248 0.016114 0.022799 0.02498 0.614904 0.00149 0.003845 0.004217 0.091558 0.010121 0.077487 0.095946 0.003254 0.072547 0.005234 0.006592 
0.038446 0.373579 0.001736 0.008157 0.015142 0.00257 0.008768 0.124123 0.005039 0.001414 0.007282 0.001851 0.002803 0.004488 0.017117 0.008941 0.218994 0.001815 0.014583 0.014118 0.067331 0.008999 0.003255 0.018608 0.584201 4.2E-4 0.001757 0.007659 0.40233 0.005584 0.221695 0.004703 0.00349 0.003264 0.019613 0.004348 
0.015375 0.721327 0.002635 0.028881 0.006444 0.007375 0.008161 0.020823 0.019989 0.005141 0.023972 0.009345 0.008772 0.01007 0.014098 0.007322 0.732104 0.003498 0.008715 0.013499 0.022757 0.025091 0.0108 0.022605 0.512087 0.002521 0.002098 0.009592 0.286446 0.016177 0.928845 0.014588 0.008508 0.008927 0.014162 0.012751 
0.030088 0.752874 0.002359 0.004612 0.00526 0.00148 0.004908 0.12509 0.006674 0.003114 0.013472 0.009575 0.005035 0.006216 0.019423 0.003891 0.865133 0.001839 0.011673 0.045681 0.035136 0.047788 0.00271 0.020509 0.595336 4.78E-4 0.00145 0.007383 0.769934 0.009873 0.496722 0.004016 0.002937 0.006655 0.006665 0.006909 
0.009199 0.286018 0.001084 0.026005 0.005043 0.002772 0.005042 0.024533 0.011227 0.002457 0.047297 0.006837 0.006338 0.00476 0.012806 0.004443 0.796258 0.001755 0.009638 0.011684 0.041115 0.016844 0.004007 0.01458 0.57183 4.89E-4 0.001295 0.005859 0.829562 0.017805 0.699134 0.045787 0.006522 0.003245 0.008033 0.013306 
0.016297 0.733873 9.98E-4 0.011385 0.00151 0.002154 0.002658 0.019419 0.00446 0.011555 0.010807 0.071885 0.008946 0.041971 0.064605 0.001635 0.83975 0.001696 0.024908 0.112702 0.02407 0.026154 0.003811 0.080382 0.084649 0.001154 9.73E-4 0.010729 0.760436 0.007196 0.331989 0.005448 0.001902 0.009319 0.003416 0.005248 
0.021805 0.3687 0.001705 0.014154 0.007709 0.010233 0.008015 0.01821 0.010603 0.005658 0.020467 0.016657 0.006835 0.013001 0.020637 0.006071 0.503414 0.003544 0.030996 0.019009 0.031776 0.016074 0.015292 0.041431 0.407619 0.001921 0.003517 0.010872 0.380848 0.014523 0.468399 0.016544 0.006004 0.015134 0.011809 0.009695 
0.018639 0.909411 7.11E-4 0.110327 0.00272 0.002285 0.004072 0.012941 0.006658 0.001484 0.065191 0.003067 0.006032 0.006299 0.020294 0.003578 0.5706 0.001023 0.003024 0.009847 0.098097 0.028174 0.00409 0.004673 0.858297 0.00281 8.21E-4 0.008139 0.982941 0.017075 0.961663 0.004836 0.009006 0.00304 0.009469 0.010373 
0.007102 0.860982 8.33E-4 0.020059 0.004176 0.002042 0.00461 0.032277 0.016436 0.002618 0.036394 0.011808 0.006439 0.004921 0.010575 0.004427 0.353879 0.001683 0.00755 0.015234 0.024351 0.026642 0.003798 0.035525 0.458974 4.8E-4 0.001088 0.004412 0.768058 0.017919 0.660836 0.047751 0.005353 0.004046 0.006351 0.011434 
0.025608 0.937677 0.001363 0.010244 0.013606 0.009811 0.010387 0.032184 0.017521 0.008634 0.012144 0.016341 0.01138 0.011841 0.018547 0.010265 0.053978 0.002869 0.02235 0.024592 0.03795 0.036062 0.011877 0.03058 0.581491 0.002049 0.003488 0.012067 0.339986 0.012099 0.047787 0.014752 0.004012 0.012338 0.020167 0.008419 
0.017916 0.640559 0.001716 0.008933 0.004309 0.005861 0.008275 0.044186 0.024761 0.00468 0.008446 0.0101 0.007831 0.012211 0.061158 0.005546 0.67533 0.002099 0.009746 0.106272 0.039785 0.033647 0.007981 0.042565 0.913814 0.001475 0.00328 0.017559 0.60219 0.009507 0.658774 0.009246 0.0079 0.011647 0.018402 0.006128 
0.025289 0.413183 8.53E-4 0.020583 0.005191 0.004188 0.004227 0.086613 0.014841 0.015194 0.017891 0.019484 0.011404 0.006497 0.009685 0.004185 0.734559 0.001315 0.021363 0.010495 0.071547 0.049272 0.007415 0.029085 0.718181 0.00112 0.001573 0.005411 0.379605 0.017477 0.09863 0.010716 0.004579 0.008606 0.012525 0.009304 
0.016275 0.956345 0.0019 0.025333 0.014382 0.002083 0.019814 0.025281 0.006488 0.012906 0.010809 0.090437 0.012582 0.006586 0.022069 0.017747 0.849722 0.008778 0.063035 0.006093 0.03091 0.033781 0.002911 0.074127 0.429302 3.86E-4 0.001622 0.021814 0.74247 0.006322 0.572971 0.018812 0.007066 0.002452 0.015301 0.007417 
0.012433 0.573307 0.001099 0.045462 0.007064 0.004398 0.005276 0.110308 0.019122 0.002498 0.012991 0.005456 0.007784 0.008079 0.01616 0.00507 0.906052 0.001969 0.007845 0.009133 0.069613 0.028924 0.009445 0.01261 0.180591 7.02E-4 0.001663 0.007409 0.729322 0.008782 0.163566 0.021728 0.002828 0.006156 0.008855 0.01273 
0.020079 0.242516 6.82E-4 0.068819 0.00245 0.001582 0.003714 0.022679 0.003457 0.001546 0.059347 0.001771 0.003256 0.003787 0.018243 0.002753 0.86019 0.001242 0.003386 0.004054 0.186545 0.022248 0.002858 0.006503 0.29086 0.00283 8.86E-4 0.006694 0.374711 0.006541 0.936684 0.00322 0.009779 0.001675 0.007665 0.007723 
0.01368 0.258096 9.45E-4 0.016889 0.007807 0.007351 0.007775 0.031537 0.011708 0.007019 0.022557 0.018897 0.00997 0.007394 0.01185 0.008782 0.227341 0.003811 0.017592 0.010519 0.047897 0.021697 0.010753 0.016844 0.26844 0.001335 0.002542 0.008083 0.809377 0.014397 0.48101 0.012494 0.005651 0.010673 0.012009 0.011291 
0.012345 0.347916 0.001691 0.015384 0.01107 0.012058 0.006503 0.019522 0.015585 0.016563 0.011931 0.026633 0.014568 0.012822 0.014644 0.007212 0.953569 0.003709 0.084743 0.04778 0.01442 0.076225 0.012501 0.070102 0.858312 0.003493 0.006069 0.006561 0.287015 0.011357 0.961746 0.014501 0.00485 0.015366 0.008696 0.007707 
0.015943 0.737073 0.001391 0.007589 0.017623 0.00321 0.007824 0.128947 0.008859 0.001527 0.008165 0.003224 0.005108 0.004881 0.012341 0.011161 0.776993 0.001286 0.022352 0.014279 0.076033 0.025837 0.003986 0.033621 0.183528 4.98E-4 0.002023 0.006497 0.758195 0.009049 0.696715 0.004949 0.004501 0.003956 0.014942 0.006419 
0.005579 0.345308 8.83E-4 0.016543 0.004142 0.001853 0.003303 0.02526 0.010684 0.002319 0.029158 0.007119 0.00321 0.002888 0.013808 0.003016 0.52019 0.001065 0.009383 0.022557 0.035543 0.034195 0.003484 0.058935 0.691191 4.27E-4 9.11E-4 0.004141 0.05734 0.013319 0.946817 0.067696 0.004921 0.002555 0.005166 0.009111 
0.020381 0.466512 0.001848 0.014593 0.011614 0.008721 0.011818 0.029068 0.021095 0.005433 0.017649 0.013206 0.014078 0.015349 0.024876 0.010434 0.487431 0.003794 0.018344 0.021618 0.032798 0.03607 0.01398 0.026723 0.860827 0.002177 0.002847 0.014541 0.437418 0.019282 0.498104 0.020382 0.005925 0.014081 0.016959 0.01292 
0.037286 0.53825 0.002802 0.015406 0.007932 0.005264 0.005141 0.10022 0.004611 0.003497 0.009304 0.007553 0.003145 0.009284 0.027566 0.004841 0.82075 0.002848 0.012517 0.053522 0.039531 0.047671 0.006043 0.015465 0.804069 8.74E-4 0.003191 0.007508 0.831189 0.00611 0.463295 0.011125 0.003123 0.0121 0.006271 0.00393 
0.013174 0.926294 7.21E-4 0.020278 0.005775 0.004126 0.004153 0.098883 0.011744 0.009202 0.018503 0.015535 0.009208 0.009879 0.015544 0.004172 0.581093 0.002116 0.046679 0.011635 0.069037 0.06259 0.008685 0.033517 0.179915 0.001596 0.001716 0.007388 0.877574 0.01315 0.06818 0.013183 0.004092 0.01008 0.011464 0.007334 
0.026176 0.424311 0.010223 0.007035 0.006875 0.018144 0.008324 0.057812 0.049374 0.00348 0.012946 0.007195 0.005206 0.008792 0.020148 0.006382 0.988061 0.002801 0.008433 0.016288 0.061712 0.025675 0.006185 0.016523 0.111923 0.014829 0.00194 0.011826 0.425483 0.014342 0.613546 0.007305 0.011038 0.010528 0.017481 0.015813 
0.01823 0.231095 8.29E-4 0.007292 0.010296 0.00329 0.00558 0.154611 0.007449 0.00331 0.007336 0.003909 0.004712 0.007395 0.012431 0.006926 0.724992 0.001379 0.021057 0.019848 0.115045 0.013158 0.006243 0.038184 0.62288 7.36E-4 0.001484 0.005973 0.89641 0.007066 0.527434 0.01232 0.003416 0.006991 0.011102 0.004714 
0.017691 0.276995 0.001451 0.117175 0.002397 0.004729 0.003147 0.013861 0.006506 0.001082 0.065348 0.003691 0.004682 0.004283 0.014411 0.003297 0.57425 8.78E-4 0.00495 0.009063 0.100023 0.039613 0.006369 0.009756 0.501415 0.003746 0.002353 0.004289 0.298284 0.00778 0.533958 0.007318 0.009192 0.003515 0.006198 0.007445 
0.015721 0.837006 0.001782 0.024305 0.007738 0.011196 0.008811 0.016725 0.013831 0.005752 0.028563 0.01085 0.010236 0.011712 0.01444 0.008073 0.203715 0.004325 0.019544 0.018432 0.047039 0.012487 0.015503 0.058792 0.827804 0.001736 0.004259 0.009154 0.253749 0.018427 0.833349 0.016842 0.008321 0.01422 0.013081 0.016347 
0.011769 0.703969 0.003543 0.024372 0.010318 0.009229 0.00729 0.021773 0.013732 0.014463 0.030129 0.011371 0.011943 0.015705 0.018057 0.006366 0.567685 0.004283 0.026851 0.017578 0.021256 0.037283 0.011641 0.044802 0.298815 0.001882 0.005777 0.011374 0.855772 0.019482 0.381611 0.012359 0.013891 0.011401 0.010793 0.018445 
0.034183 0.831112 0.001347 0.006591 0.004821 0.004314 0.002699 0.090809 0.007241 0.004383 0.017402 0.01224 0.005669 0.008082 0.023791 0.003281 0.169484 0.001588 0.008176 0.03318 0.042715 0.057228 0.007889 0.012883 0.168832 9.47E-4 0.001598 0.004703 0.746182 0.011616 0.928011 0.00815 0.003418 0.012827 0.0042 0.008138 
0.021905 0.505776 0.001735 0.024 0.007867 0.004351 0.00594 0.066386 0.012336 0.011833 0.010538 0.019705 0.014145 0.004968 0.009736 0.005509 0.789811 0.002621 0.023839 0.009162 0.089386 0.03307 0.007393 0.02802 0.958059 8.72E-4 0.002402 0.008747 0.712711 0.009946 0.305053 0.01439 0.004627 0.006052 0.010368 0.008243 
0.009746 0.637898 9.43E-4 0.021739 0.003897 0.001931 0.005543 0.011 0.005245 0.001355 0.011324 0.002752 0.002939 0.010501 0.009983 0.004626 0.895955 0.002594 0.005648 0.016213 0.014739 0.011655 0.003308 0.008096 0.820996 7.06E-4 0.001286 0.007426 0.816911 0.006625 0.01612 0.158483 0.003652 0.005308 0.007718 0.004544 
0.008225 0.004393 0.001207 0.016796 0.00537 0.001689 0.005751 0.023969 0.012212 0.00201 0.044619 0.010626 0.004811 0.003898 0.016856 0.004589 0.861348 0.001954 0.010024 0.007715 0.028763 0.021488 0.0024 0.057025 0.997041 2.99E-4 0.00109 0.006637 0.071285 0.015126 0.542607 0.046716 0.006298 0.001873 0.008194 0.014053 
0.013993 0.458891 5.52E-4 0.022632 0.002262 0.003799 0.001719 0.021891 0.007295 0.021048 0.005067 0.179329 0.016849 0.00429 0.016014 0.001536 0.33909 7.02E-4 0.121594 0.007772 0.042941 0.030633 0.005406 0.077187 0.701328 5.81E-4 0.001583 0.00373 0.763496 0.004048 0.582295 0.01632 0.001912 0.005766 0.002402 0.002928 
0.004518 0.515766 7.92E-4 0.025273 0.003 0.002641 0.003772 0.005882 0.006116 0.001951 0.006754 0.003533 0.003993 0.012441 0.00623 0.003027 0.92079 0.002455 0.004501 0.006573 0.010266 0.006339 0.004397 0.005978 0.112462 9.92E-4 0.001153 0.004792 0.795955 0.006143 0.837841 0.167293 0.003034 0.011133 0.004416 0.004075 
0.015335 0.828802 7.53E-4 0.022157 0.007127 0.004365 0.006969 0.018574 0.009092 0.002519 0.016237 0.005502 0.004867 0.014849 0.013839 0.006589 0.976147 0.004141 0.010603 0.014212 0.020718 0.020324 0.006582 0.014514 0.473031 0.001211 0.001747 0.009834 0.871452 0.010502 0.322482 0.132502 0.003918 0.010296 0.010329 0.006232 
0.007682 0.709485 1.9E-4 0.017934 0.002171 0.002844 0.002045 0.035445 0.006084 0.020957 0.004496 0.161866 0.021288 0.003348 0.012477 0.001676 0.658116 0.001016 0.10597 0.005224 0.031472 0.055988 0.003204 0.143781 0.22731 5.04E-4 8.1E-4 0.00347 0.475235 0.002976 0.148633 0.012829 6.93E-4 0.003494 0.002616 0.002564 
0.011824 0.204493 7.63E-4 0.027733 0.007382 0.004746 0.008192 0.116536 0.013932 0.00237 0.015618 0.004681 0.00755 0.009264 0.036873 0.005999 0.052486 0.002354 0.004915 0.010563 0.038048 0.040677 0.011624 0.010407 0.790645 8.35E-4 0.001654 0.01303 0.314784 0.006384 0.678106 0.02473 0.003084 0.006392 0.013794 0.012472 
0.01547 0.627005 0.002637 0.008157 0.007462 0.004162 0.012078 0.038426 0.019676 0.006741 0.010161 0.010581 0.012449 0.014876 0.059332 0.008854 0.663968 0.004334 0.010681 0.068386 0.048089 0.03846 0.007231 0.025944 0.517541 0.00103 0.002356 0.019683 0.794589 0.009525 0.913182 0.019983 0.007859 0.005704 0.02219 0.010145 
0.021981 0.094808 0.001508 0.007029 0.006105 0.003164 0.006416 0.059657 0.017382 0.007667 0.006477 0.010251 0.013417 0.009916 0.029443 0.005316 0.640075 0.002473 0.008136 0.112114 0.048498 0.047371 0.005465 0.05197 0.261176 0.001128 0.001746 0.010999 0.597045 0.006971 0.450963 0.007739 0.005461 0.006074 0.013019 0.006082 
0.021136 0.482673 8.82E-4 0.091135 0.003131 0.002023 0.004568 0.023962 0.006678 0.001121 0.061783 0.00174 0.003863 0.00429 0.017039 0.003602 0.252911 0.001114 0.002904 0.007139 0.149153 0.028515 0.003218 0.007829 0.081253 0.001421 0.001059 0.006749 0.691712 0.011842 0.128265 0.003355 0.012334 0.001604 0.010106 0.010235 
0.016704 0.474215 7.19E-4 0.009386 0.010083 0.003066 0.00427 0.269464 0.00743 0.001857 0.004701 0.002735 0.004041 0.00499 0.00928 0.006023 0.469394 0.001261 0.016659 0.013609 0.057272 0.014688 0.004587 0.024344 0.076979 5.86E-4 0.001478 0.004476 0.856351 0.005765 0.835027 0.010233 0.001983 0.003445 0.008844 0.003795 
0.008537 0.140874 4.97E-4 0.015655 0.004301 0.003573 0.005528 0.012383 0.005593 0.002693 0.008978 0.005478 0.004769 0.012014 0.009211 0.004217 0.46582 0.003223 0.007288 0.011529 0.012971 0.011865 0.005286 0.010323 0.053832 0.001385 0.001489 0.00746 0.981596 0.007541 0.893474 0.184247 0.003428 0.009203 0.006868 0.006107 
0.031019 0.583133 6.75E-4 0.025017 0.005484 0.006036 0.00437 0.05352 0.00918 0.009051 0.014627 0.015506 0.009332 0.011208 0.012485 0.004204 0.029332 0.00187 0.032263 0.02197 0.099154 0.037317 0.010937 0.022923 0.615288 0.001935 0.002152 0.006347 0.332118 0.014182 0.698254 0.017836 0.003391 0.011114 0.010194 0.008256 
0.004514 0.987539 5.84E-4 0.005096 0.00238 0.003842 0.003317 0.006289 0.00301 0.001638 0.007642 0.002466 0.003452 0.094367 0.031156 0.002011 0.564261 0.002074 0.00279 0.410276 0.009577 0.004986 0.012245 0.004435 0.070221 8.6E-4 8.6E-4 0.008929 0.997616 0.004381 0.922713 0.03343 0.001846 0.032078 0.003469 0.003175 
0.026277 0.40683 0.00115 0.006449 0.007395 0.00141 0.00552 0.266688 0.007058 0.001773 0.005464 0.003353 0.003904 0.004235 0.011487 0.006476 0.255427 0.001199 0.023242 0.015531 0.063779 0.024773 0.002248 0.038496 0.728444 3.42E-4 0.001225 0.005335 0.267194 0.006814 0.938316 0.004773 0.002272 0.002207 0.011146 0.004304 
0.007098 0.824647 6.75E-4 0.013544 0.005655 0.002238 0.004082 0.028389 0.01608 0.001806 0.016263 0.010841 0.003585 0.005597 0.00807 0.003446 0.38056 0.001677 0.01347 0.013185 0.046444 0.031392 0.003941 0.030444 0.830886 5.19E-4 9.29E-4 0.004945 0.248952 0.009282 0.452999 0.058708 0.002829 0.005249 0.006193 0.006597 
0.038756 0.193249 3.75E-4 0.01755 0.003501 0.003305 0.003844 0.028959 0.008204 0.001487 0.013736 0.004229 0.003884 0.007188 0.023868 0.003449 0.726637 0.001476 0.006592 0.038774 0.13413 0.010282 0.005892 0.030968 0.213215 7.32E-4 0.001138 0.004831 0.99259 0.010345 0.832754 0.022267 0.002605 0.005879 0.007833 0.005408 
0.017766 0.887285 0.002321 0.012406 0.00886 0.005355 0.010535 0.039902 0.020944 0.012436 0.022737 0.017504 0.015391 0.010098 0.012035 0.010663 0.138216 0.002926 0.019096 0.015882 0.022857 0.028111 0.009829 0.02285 0.728683 6.58E-4 0.002629 0.011294 0.610688 0.027687 0.055848 0.016699 0.006226 0.008604 0.01492 0.013211 
0.024034 0.684864 0.001314 0.020289 0.004635 0.006489 0.005494 0.051408 0.007863 0.007697 0.016451 0.012645 0.009496 0.007775 0.008041 0.004623 0.608161 0.00203 0.02208 0.012856 0.129901 0.048201 0.013871 0.012935 0.4809 0.001642 0.002804 0.008497 0.066677 0.01333 0.208258 0.017831 0.004883 0.012188 0.018179 0.008409 
0.015744 0.380149 0.001406 0.02073 0.007297 0.004805 0.008275 0.023054 0.00695 0.003233 0.012124 0.006662 0.004648 0.01179 0.011749 0.008115 0.382938 0.003075 0.007411 0.016795 0.017523 0.026379 0.0105 0.170309 0.416935 0.001059 0.002215 0.009294 0.772207 0.008861 0.21327 0.036554 0.004761 0.013712 0.011632 0.00696 
0.015067 0.052224 0.002191 0.024777 0.015213 0.011107 0.009017 0.033503 0.016838 0.018286 0.029335 0.022797 0.016161 0.009961 0.019276 0.008819 0.608559 0.004648 0.018504 0.01261 0.026556 0.028536 0.013321 0.021442 0.142763 0.003064 0.005592 0.008717 0.551962 0.016474 0.683308 0.013541 0.00993 0.015474 0.012535 0.015678 
0.015827 0.340478 0.002725 0.01051 0.011021 0.00526 0.011296 0.022365 0.013691 0.005432 0.018467 0.00806 0.011564 0.012745 0.014996 0.011995 0.507799 0.004472 0.009319 0.019809 0.020504 0.019505 0.010384 0.012194 0.85948 0.001399 0.003113 0.011652 0.926169 0.038436 0.13812 0.01917 0.009493 0.010463 0.015202 0.018668 
0.006661 0.899936 7.65E-4 0.01118 0.003182 0.003021 0.003233 0.01963 0.006947 0.0058 0.019125 0.048068 0.005756 0.036694 0.052112 0.003041 0.1202 0.001707 0.011607 0.10722 0.044627 0.028276 0.004368 0.080532 0.899156 7.36E-4 0.001074 0.007732 0.098337 0.008553 0.524106 0.006798 0.003199 0.005292 0.0081 0.006958 
0.005027 0.090166 6.81E-4 0.016628 0.002644 0.004769 0.003584 0.027392 0.003512 0.009201 0.020154 0.056875 0.004391 0.046727 0.056865 0.002674 0.884389 0.001681 0.022157 0.052324 0.009655 0.015912 0.006926 0.095723 0.52159 6.54E-4 0.00201 0.00788 0.963468 0.007004 0.904666 0.009292 0.002428 0.016721 0.005075 0.006939 
0.006758 0.38323 0.001235 0.0261 0.003276 0.004595 0.004475 0.01006 0.011388 0.005691 0.013446 0.009374 0.008961 0.017043 0.012139 0.003129 0.463909 0.003523 0.008881 0.015254 0.01313 0.011413 0.006974 0.011875 0.370187 0.001787 0.002091 0.007736 0.844833 0.012857 0.861335 0.136022 0.00604 0.014922 0.005476 0.008312 
0.025564 0.909187 0.001153 0.005093 0.019158 0.001411 0.008254 0.16997 0.00669 5.85E-4 0.006165 0.001147 0.002899 0.004581 0.016239 0.011205 0.33542 0.001603 0.008941 0.01029 0.036616 0.009471 0.002373 0.023361 0.600456 2.64E-4 9.07E-4 0.007639 0.630573 0.006292 0.570837 0.003726 0.003842 0.002991 0.018549 0.004473 
0.03918 0.212405 0.00112 0.005053 0.00698 0.002645 0.003298 0.072699 0.00911 0.003535 0.015329 0.008862 0.007543 0.007579 0.022667 0.00436 0.70252 0.001684 0.010033 0.037952 0.032316 0.06202 0.004135 0.021545 0.694351 7.37E-4 0.001777 0.005139 0.055953 0.010163 0.54328 0.0086 0.003274 0.006832 0.008787 0.007461 
0.014337 0.213837 0.00123 0.029158 0.009718 0.006104 0.008898 0.015957 0.011014 0.004088 0.020823 0.009459 0.007439 0.007716 0.009705 0.009774 0.451124 0.002356 0.00837 0.011696 0.01207 0.018526 0.009055 0.128046 0.885924 9.77E-4 0.002904 0.007946 0.596022 0.014209 0.03463 0.066814 0.005152 0.00931 0.012082 0.01172 
0.010272 0.870913 0.001458 0.04983 0.005907 0.003074 0.004781 0.07544 0.009894 0.003419 0.028971 0.006927 0.007359 0.006075 0.015934 0.004323 0.668086 0.002105 0.010116 0.008756 0.079479 0.032126 0.007645 0.013715 0.537843 0.001137 0.001829 0.006789 0.006011 0.009509 0.722844 0.030426 0.005502 0.005067 0.007004 0.015128 
0.018133 0.973705 0.001308 0.009865 0.005482 0.003498 0.007646 0.055947 0.015417 0.003689 0.006186 0.013046 0.008487 0.016044 0.059956 0.00453 0.643698 0.002116 0.009811 0.121926 0.070552 0.042372 0.006991 0.047359 0.375472 8.95E-4 0.001518 0.015931 0.159048 0.007046 0.972306 0.012055 0.004647 0.006742 0.019434 0.004918 
0.003039 0.783266 0.001332 0.060969 0.004676 0.003831 0.001934 0.03148 0.006309 0.003932 0.011186 0.021032 0.004831 0.074459 0.021523 0.003863 0.978564 0.001436 0.035074 0.115062 0.016236 0.01224 0.009372 0.008306 0.603296 0.001505 0.003267 0.004963 0.880066 0.008014 0.113931 0.060346 0.004586 0.065643 0.003042 0.005285 
0.023378 0.24364 7.57E-4 0.019524 0.003838 0.004965 0.003304 0.05941 0.007993 0.010939 0.01736 0.019545 0.012494 0.008493 0.01485 0.003187 0.528611 0.001377 0.019479 0.014751 0.084259 0.034824 0.008628 0.023248 0.449404 0.001195 0.001801 0.005627 0.291498 0.009011 0.868727 0.015366 0.004811 0.008573 0.012872 0.007956 
0.009719 0.067947 7.06E-4 0.023164 0.003971 0.00404 0.004789 0.012498 0.011426 0.004911 0.01922 0.00909 0.008527 0.007667 0.009428 0.004945 0.039604 0.002365 0.010921 0.01518 0.011609 0.020722 0.009478 0.167504 0.644205 7.21E-4 0.001764 0.005407 0.933229 0.016043 0.207912 0.065794 0.004388 0.006418 0.005655 0.010693 
0.008247 0.858402 0.001245 0.019442 0.004708 0.007287 0.005077 0.024369 0.004701 0.00438 0.012037 0.024524 0.003616 0.067415 0.024646 0.005015 0.60734 0.005215 0.024725 0.090606 0.014154 0.016802 0.017945 0.014669 0.136652 0.00286 0.002734 0.007469 0.07045 0.006182 0.199834 0.113256 0.003727 0.084072 0.006694 0.005227 
0.020679 0.70058 0.001669 0.025041 0.006528 0.006407 0.006108 0.031448 0.014466 0.007869 0.023683 0.021054 0.011323 0.010424 0.015473 0.005638 0.759832 0.003007 0.019077 0.016193 0.038311 0.017801 0.00867 0.019257 0.884231 0.001563 0.002295 0.009067 0.826998 0.016884 0.241872 0.013728 0.007268 0.009247 0.010338 0.011733 
0.006061 0.214446 0.001424 0.056043 0.003508 0.004424 0.004238 0.023774 0.010356 0.002854 0.026136 0.021288 0.005976 0.081651 0.024048 0.003651 0.989186 0.002379 0.021219 0.074842 0.022228 0.014516 0.019128 0.017535 0.606218 0.00169 0.001617 0.007487 0.404958 0.015266 0.519932 0.080733 0.002871 0.069497 0.004951 0.009759 
0.010702 0.699246 0.002848 0.011281 0.005525 0.004225 0.011669 0.036596 0.023581 0.007834 0.009624 0.009856 0.007178 0.010937 0.056116 0.00713 0.628693 0.005241 0.014195 0.085405 0.047216 0.034714 0.005455 0.028529 0.668249 0.001705 0.002057 0.01897 0.076593 0.011048 0.571357 0.010953 0.005671 0.008547 0.020641 0.007779 
0.017721 0.151846 0.001991 0.013711 0.008186 0.003778 0.009086 0.029269 0.024205 0.00391 0.024424 0.009416 0.015865 0.017276 0.018756 0.007596 0.784855 0.00303 0.013255 0.012375 0.028266 0.027115 0.007825 0.018698 0.295534 5.68E-4 0.001849 0.013901 0.775028 0.046176 0.847911 0.015203 0.007636 0.00748 0.016621 0.019589 
0.027568 0.181603 0.008289 0.007609 0.005195 0.017774 0.006613 0.08593 0.033204 0.002814 0.011603 0.007282 0.003912 0.011144 0.015394 0.004691 0.213764 0.002761 0.008428 0.015307 0.038851 0.042758 0.006274 0.018966 0.165392 0.013787 0.001232 0.011232 0.02193 0.009626 0.691437 0.009046 0.00892 0.008008 0.014257 0.014579 
0.012943 0.920485 0.002601 0.023081 0.006919 0.006303 0.009858 0.013736 0.016186 0.004586 0.043932 0.005824 0.009538 0.013262 0.010843 0.009236 0.285592 0.004868 0.007968 0.01881 0.015224 0.01614 0.010839 0.027106 0.858691 0.002332 0.002845 0.01055 0.606537 0.025952 0.750839 0.014826 0.016363 0.012826 0.01436 0.021539 
0.005331 0.660155 4.7E-4 0.016623 0.002566 0.003131 0.003571 0.020475 0.006407 0.008318 0.020617 0.051689 0.006784 0.036798 0.075387 0.002451 0.556831 0.002434 0.02096 0.050287 0.02225 0.022045 0.004841 0.076094 0.08327 0.001331 0.001034 0.011202 0.424253 0.008733 0.052305 0.007493 0.002582 0.014128 0.003733 0.006415 
0.017239 0.792582 0.002515 0.024658 0.010559 0.004655 0.008356 0.024748 0.037778 0.009495 0.019335 0.014125 0.015361 0.009208 0.013612 0.007627 0.223462 0.003321 0.015598 0.014768 0.017736 0.027854 0.008453 0.020342 0.573464 0.001632 0.001896 0.009719 0.932469 0.021903 0.329041 0.01388 0.006441 0.006541 0.01504 0.017388 
0.053564 0.593236 3.75E-4 0.031135 0.004218 0.00157 0.00457 0.034932 0.008435 0.001279 0.01255 0.004075 0.003454 0.005854 0.056313 0.004098 0.967703 0.001737 0.006195 0.047894 0.108087 0.014853 0.005564 0.022283 0.976335 2.15E-4 5.05E-4 0.006057 0.729036 0.00919 0.304404 0.026641 0.002953 0.00337 0.00802 0.005103 
0.018914 0.604478 0.001676 0.019382 0.007743 0.008606 0.007074 0.024008 0.021147 0.00578 0.02131 0.01171 0.012348 0.015692 0.021273 0.005967 0.490442 0.00333 0.013261 0.023532 0.040869 0.025035 0.013281 0.019957 0.993904 0.001837 0.002016 0.010921 0.522315 0.019655 0.944909 0.018619 0.006801 0.01367 0.011873 0.014206 
0.019736 0.603156 0.002774 0.010837 0.011577 0.007882 0.008618 0.033804 0.012845 0.010635 0.020236 0.02033 0.009799 0.015501 0.019932 0.009498 0.448428 0.003734 0.051879 0.015958 0.033447 0.039243 0.009407 0.047452 0.579885 0.002404 0.004637 0.009901 0.325653 0.010352 0.599879 0.01159 0.007218 0.012594 0.01321 0.010956 
0.020401 0.105561 6.44E-4 0.027667 0.00499 0.002894 0.004106 0.024844 0.011881 0.002634 0.016438 0.005023 0.006737 0.00531 0.019324 0.004046 0.282728 0.001547 0.006375 0.051316 0.156183 0.0092 0.00608 0.022305 0.306497 6.12E-4 0.001049 0.003783 0.091872 0.014179 0.593828 0.028199 0.004154 0.005241 0.007487 0.009129 
0.015587 0.260318 0.001741 0.021501 0.01261 0.009436 0.009367 0.024917 0.016043 0.010473 0.024804 0.016451 0.015847 0.016237 0.018019 0.009465 0.248771 0.004305 0.019153 0.025651 0.025756 0.029892 0.014809 0.027562 0.466219 0.002596 0.004395 0.009968 0.931616 0.016866 0.569268 0.020999 0.009923 0.018876 0.012259 0.016506 
0.018898 0.059095 7.58E-4 0.005885 0.004419 0.001793 0.005354 0.227661 0.005958 0.001347 0.008655 0.002293 0.003245 0.005469 0.011949 0.004628 0.506795 0.001469 0.0093 0.014351 0.119229 0.030082 0.003425 0.033462 0.333428 3.9E-4 0.001036 0.006403 0.958534 0.006849 0.740905 0.005393 0.002481 0.003236 0.011638 0.004836 
0.027427 0.131354 0.001922 0.011352 0.01408 0.005079 0.01102 0.02985 0.018956 0.007315 0.011617 0.013216 0.011361 0.014302 0.015664 0.011744 0.925736 0.003391 0.019626 0.023076 0.032648 0.03804 0.010746 0.028682 0.834012 0.001469 0.002696 0.011962 0.785776 0.014809 0.759783 0.01607 0.004603 0.010558 0.019215 0.008424 
0.005844 0.473887 6.17E-4 0.021351 0.003193 0.001408 0.002915 0.033646 0.011246 0.001671 0.054405 0.007068 0.003811 0.004767 0.017769 0.001974 0.308971 9.48E-4 0.009158 0.018895 0.02745 0.026373 0.003277 0.048809 0.54648 1.96E-4 7.66E-4 0.005059 0.013656 0.016571 0.496537 0.055592 0.003948 0.002238 0.004801 0.013208 
0.031241 0.284459 0.008785 0.005076 0.006127 0.016244 0.00693 0.043351 0.016801 0.002771 0.011497 0.005314 0.004681 0.010255 0.015575 0.007128 0.411308 0.0027 0.008269 0.014388 0.061214 0.029959 0.003286 0.015971 0.123794 0.013252 0.001764 0.01022 0.619387 0.00816 0.735733 0.005022 0.009254 0.004571 0.014397 0.013906 
0.015649 0.310923 0.001669 0.02774 0.009875 0.008812 0.008244 0.012627 0.012543 0.004499 0.027209 0.015547 0.007556 0.008983 0.018806 0.008411 0.651997 0.003188 0.013098 0.012412 0.03396 0.016525 0.012873 0.037221 0.113949 0.001324 0.003982 0.009651 0.890036 0.016329 0.228432 0.014632 0.006213 0.010086 0.011311 0.012851 
0.021112 0.248799 0.008358 0.005962 0.006266 0.015326 0.006301 0.063202 0.033362 0.003856 0.010446 0.009354 0.007898 0.006029 0.01196 0.005649 0.703004 0.002647 0.008359 0.009555 0.074646 0.020863 0.00253 0.01413 0.214479 0.012546 0.001662 0.010568 0.700225 0.009386 0.226653 0.005184 0.008773 0.004143 0.015734 0.013011 
0.014317 0.941231 0.001233 0.020584 0.005791 0.002281 0.007204 0.03137 0.010046 0.001167 0.041138 0.00482 0.003714 0.004593 0.010527 0.006013 0.107935 0.002407 0.006854 0.010554 0.036601 0.016977 0.00417 0.030143 0.66072 3.08E-4 0.001179 0.007738 0.862339 0.015246 0.975707 0.037887 0.0052 0.004141 0.011696 0.011243 
0.018266 0.35256 0.001182 0.107721 0.003146 0.00223 0.003739 0.011684 0.008144 0.001402 0.074193 0.003009 0.00636 0.003732 0.016617 0.003375 0.585182 9.52E-4 0.002327 0.006632 0.07885 0.031818 0.003467 0.004339 0.095377 0.003179 0.001275 0.006158 0.81492 0.014754 0.593421 0.002984 0.01269 0.001645 0.006926 0.013525 
0.036052 0.162476 1.59E-4 0.008762 0.001629 0.001432 0.00155 0.065601 0.004421 6.57E-4 0.005048 0.002289 0.001969 0.003572 0.046908 0.001449 0.912875 7.09E-4 0.003381 0.027429 0.191101 0.035164 0.004094 0.024799 0.992928 1.8E-4 2.43E-4 0.002624 0.351098 0.004454 0.113566 0.02523 0.001066 0.004879 0.003443 0.002378 
0.034993 0.598195 0.00144 0.007627 0.010129 0.004167 0.004369 0.099446 0.007007 0.005327 0.007918 0.012696 0.004584 0.005862 0.02132 0.00659 0.516432 0.002992 0.018842 0.039564 0.0389 0.040186 0.005802 0.022714 0.039023 0.001179 0.002014 0.00508 0.711764 0.00695 0.604314 0.009236 0.00193 0.00902 0.009583 0.004245 
0.0207 0.709639 8.36E-4 0.01588 0.006682 0.003513 0.006093 0.085164 0.007637 0.01161 0.01579 0.026901 0.009385 0.007618 0.01335 0.004421 0.174118 0.001721 0.037594 0.014334 0.09712 0.052248 0.006774 0.029163 0.447873 0.001002 0.001541 0.009994 0.271453 0.011051 0.944331 0.009864 0.002692 0.006968 0.015432 0.006822 
0.014407 0.433295 0.001195 0.004899 0.004872 0.003496 0.004504 0.075685 0.016433 0.004907 0.006416 0.008537 0.006255 0.009286 0.0373 0.00361 0.193202 0.001642 0.006966 0.100506 0.055313 0.066985 0.007289 0.043664 0.443066 9.08E-4 0.001516 0.008968 0.69765 0.007732 0.175239 0.006952 0.004931 0.009543 0.01212 0.006791 
0.011237 0.653163 6.16E-4 0.021355 0.003611 0.002999 0.005476 0.008037 0.004901 0.001629 0.013989 0.003193 0.003688 0.017281 0.013845 0.00491 0.036114 0.003033 0.003413 0.012399 0.015981 0.008202 0.005081 0.008217 0.995382 0.001115 0.00119 0.008027 0.402352 0.006284 0.108436 0.100494 0.003824 0.010691 0.008581 0.004883 
0.005369 0.841852 5.9E-4 0.004752 0.00324 0.00373 0.002938 0.008045 0.00557 0.002479 0.010006 0.006439 0.003486 0.089624 0.034407 0.001728 0.903098 0.001566 0.005936 0.297545 0.016596 0.008968 0.009337 0.008291 0.749251 8.94E-4 0.001067 0.007869 0.317805 0.007473 0.16689 0.07143 0.001334 0.04271 0.00404 0.004769 
0.011608 0.655582 0.001099 0.052546 0.003566 0.002883 0.00444 0.097847 0.013165 0.001379 0.034847 0.004037 0.005506 0.004057 0.011564 0.003411 0.557067 0.001571 0.004781 0.006046 0.051755 0.037003 0.008741 0.0093 0.797986 4.98E-4 0.001362 0.00505 0.442904 0.008636 0.032336 0.029283 0.006363 0.005184 0.006427 0.011016 
0.010115 0.377512 8.12E-4 0.037098 0.005736 0.005888 0.005332 0.129022 0.014286 0.003429 0.018337 0.006918 0.007588 0.009108 0.022088 0.00449 0.241286 0.001894 0.01117 0.011856 0.046257 0.033546 0.011572 0.01993 0.103713 0.001243 0.002027 0.008313 0.213778 0.008738 0.262861 0.032078 0.002898 0.008373 0.007604 0.02009 
0.017923 0.418162 0.001078 0.005905 0.00589 0.004351 0.00617 0.038434 0.020143 0.007489 0.00622 0.015886 0.012639 0.009352 0.039251 0.005291 0.159869 0.002469 0.014517 0.094851 0.066336 0.046822 0.006188 0.054283 9.99E-4 0.001356 0.001455 0.012039 0.555308 0.006927 0.488486 0.014114 0.004578 0.00963 0.014838 0.005597 
0.022188 0.398005 0.001637 0.021141 0.009324 0.005544 0.00758 0.019854 0.017258 0.002671 0.031396 0.009255 0.00678 0.012784 0.014362 0.009156 0.064641 0.003513 0.011218 0.018615 0.021108 0.018476 0.009343 0.026763 0.226534 0.00181 0.001744 0.00845 0.997552 0.016666 0.696569 0.014922 0.006833 0.010927 0.015088 0.012752 
0.002268 0.517254 6.57E-4 0.002732 0.00105 0.003438 0.002318 0.005191 0.003102 0.001782 0.003382 0.003585 0.002641 0.157142 0.028235 0.001192 0.218193 0.001725 0.002736 0.460557 0.005899 0.004162 0.011953 0.004206 0.937559 9.09E-4 7.94E-4 0.006035 0.711556 0.002759 0.903069 0.024857 0.001639 0.036673 0.001759 0.00227 
0.007043 0.484039 0.001324 0.046731 0.003908 0.007352 0.003117 0.027528 0.007007 0.004089 0.023268 0.019224 0.004892 0.061215 0.030061 0.002898 0.887637 0.002079 0.030306 0.090358 0.016921 0.024283 0.021352 0.013115 0.720343 0.001614 0.003755 0.006617 0.985237 0.008172 0.639031 0.0809 0.004677 0.02407 0.004 0.007566 
0.019067 0.591584 6.94E-4 0.018012 0.005385 0.0018 0.002918 0.046515 0.010065 0.011746 0.007537 0.081065 0.015289 0.003793 0.013167 0.003661 0.635883 0.001162 0.085104 0.008879 0.060681 0.051752 0.002459 0.08911 0.2994 4.45E-4 9.87E-4 0.004053 0.250085 0.00422 0.203299 0.014564 0.002616 0.005346 0.004172 0.00432 
0.013166 0.957975 0.001473 0.027073 0.005394 0.005887 0.005279 0.023072 0.013282 0.007544 0.017838 0.013467 0.011892 0.009281 0.015169 0.004411 0.035591 0.002078 0.013645 0.012447 0.021252 0.030712 0.011725 0.118622 0.608821 7.46E-4 0.001583 0.007423 0.244173 0.014727 0.095447 0.064479 0.006335 0.010198 0.009564 0.011464 
0.027478 0.505086 0.001094 0.011514 0.017935 0.004986 0.015466 0.02614 0.017295 0.004927 0.014659 0.012152 0.010404 0.015664 0.027619 0.013735 0.480372 0.004392 0.016408 0.034522 0.029235 0.026686 0.009764 0.023443 0.432377 7.96E-4 0.001655 0.018401 0.65392 0.015373 0.375332 0.01582 0.004147 0.013059 0.024711 0.010043 
0.020464 0.225068 0.001117 0.012452 0.005992 0.007979 0.004937 0.017752 0.012883 0.005299 0.013391 0.012066 0.008795 0.008147 0.007146 0.005104 0.287085 0.002119 0.010779 0.01564 0.015791 0.032452 0.018127 0.160766 0.129597 0.001005 0.001637 0.005724 0.744868 0.013378 0.350014 0.059206 0.00291 0.013422 0.010286 0.008216 
0.008863 0.839179 6.48E-4 0.020216 0.004641 0.003578 0.003973 0.038115 0.010541 0.018943 0.004097 0.124628 0.016955 0.004919 0.019461 0.003649 0.416922 0.001629 0.125365 0.008629 0.059519 0.050825 0.005524 0.051234 0.791539 5.77E-4 0.001406 0.006445 0.543695 0.001983 0.680236 0.026704 0.002176 0.005252 0.005319 0.001427 
0.015029 0.196205 9.68E-4 0.122902 0.001863 0.003485 0.0026 0.014053 0.006107 0.002149 0.073041 0.002409 0.007615 0.003646 0.009727 0.002199 0.483295 8.39E-4 0.002734 0.008539 0.108828 0.030189 0.004704 0.006203 0.844 0.003023 0.001332 0.003628 0.619816 0.014406 0.303852 0.006641 0.012169 0.002882 0.006648 0.011015 
0.030102 0.32978 0.00124 0.092565 0.002971 0.002997 0.0034 0.010552 0.006288 0.001116 0.058104 0.002618 0.005104 0.003427 0.012562 0.003022 0.767215 7.02E-4 0.003427 0.006313 0.094669 0.028641 0.005701 0.009961 0.319206 0.00394 0.001666 0.004443 0.774994 0.008281 0.204236 0.006124 0.009383 0.002887 0.008424 0.00814 
0.009294 0.821442 0.001618 0.025336 0.004557 0.006765 0.005003 0.014757 0.007115 0.003318 0.009523 0.005787 0.006156 0.026101 0.011439 0.004903 0.354506 0.003964 0.0064 0.013354 0.01455 0.015744 0.009713 0.00883 0.105069 0.001828 0.003184 0.008259 0.399075 0.008502 0.841086 0.165118 0.005839 0.020418 0.007159 0.007912 
0.011912 0.849199 0.001217 0.013023 0.011409 0.005829 0.006981 0.023216 0.012759 0.007835 0.017983 0.022675 0.013665 0.017305 0.015148 0.006707 0.738377 0.004163 0.079701 0.025427 0.026291 0.097993 0.007872 0.079459 0.452174 0.001852 0.002846 0.00776 0.946916 0.013737 0.390431 0.009972 0.006674 0.014612 0.008728 0.013627 
0.01353 0.613682 7.59E-4 0.139736 0.002112 0.00277 0.002545 0.011901 0.010178 0.001319 0.050025 0.002205 0.005636 0.003463 0.014161 0.002164 0.566621 8.44E-4 0.002035 0.005887 0.081967 0.01906 0.003192 0.0039 0.724166 0.001569 0.001295 0.003737 0.546977 0.015231 0.782968 0.003843 0.011531 0.001884 0.005672 0.010553 
0.057269 0.722903 1.92E-4 0.017615 0.002453 0.001007 0.002409 0.062882 0.005225 0.001242 0.009704 0.002599 0.002617 0.003131 0.039561 0.002204 0.492639 7.4E-4 0.005072 0.020222 0.104975 0.041121 0.002589 0.014186 0.822326 1.85E-4 3.1E-4 0.003358 0.145732 0.005947 0.925858 0.013603 0.001779 0.002153 0.005547 0.003448 
0.024884 0.708909 0.001399 0.007352 0.012818 0.002946 0.007477 0.14628 0.008107 0.001157 0.008334 0.002185 0.004549 0.004589 0.012006 0.010382 0.89971 0.001902 0.011566 0.010773 0.049497 0.017626 0.003886 0.021455 0.817887 6.24E-4 0.002068 0.007549 0.479404 0.008807 0.743221 0.006967 0.00427 0.003842 0.019782 0.005797 
0.041698 0.961994 4.14E-4 0.009535 0.003152 0.00375 0.00467 0.029747 0.005933 0.001337 0.010915 0.003567 0.003592 0.009125 0.049146 0.003478 0.03027 0.001803 0.004342 0.05837 0.177833 0.010247 0.008402 0.02228 0.259894 5.67E-4 8.06E-4 0.00678 0.746105 0.006309 0.540204 0.028312 0.002059 0.008923 0.008024 0.004257 
0.023762 0.495644 0.002614 0.016189 0.010135 0.003912 0.010082 0.022913 0.025992 0.008346 0.021335 0.015096 0.016598 0.008974 0.018135 0.009168 0.743706 0.003645 0.015432 0.024268 0.030961 0.023855 0.008861 0.024765 0.51004 8.38E-4 0.00197 0.011728 0.760343 0.021943 0.651368 0.016565 0.008617 0.008061 0.017363 0.015612 
0.008337 0.195696 0.002484 0.028335 0.007173 0.01696 0.004393 0.016973 0.016827 0.008484 0.030886 0.016856 0.011038 0.01239 0.011683 0.005364 0.6843 0.002218 0.018415 0.019337 0.036339 0.012963 0.023062 0.032696 0.771478 0.002056 0.006586 0.005281 0.095945 0.020044 0.895118 0.015925 0.00996 0.015401 0.007206 0.017726 
0.00537 0.437973 8.79E-4 0.027058 0.003436 0.002352 0.00377 0.026969 0.00969 0.002851 0.041844 0.013944 0.004015 0.004234 0.010015 0.003791 0.005834 0.001455 0.008219 0.009973 0.023224 0.013884 0.004502 0.031278 0.962114 4.54E-4 0.00105 0.004769 0.229603 0.010911 0.940337 0.04395 0.007071 0.004148 0.005933 0.011699 
0.014647 0.087469 0.002002 0.005665 0.002427 0.006265 0.007015 0.062303 0.024051 0.003945 0.006404 0.010185 0.008389 0.022081 0.078471 0.00387 0.022799 0.003168 0.00944 0.085953 0.0645 0.055573 0.011458 0.035488 0.003091 0.001663 0.002703 0.019061 0.939003 0.008852 0.260727 0.008506 0.003539 0.012951 0.013979 0.00586 
0.017495 0.991188 0.001803 0.027067 0.006742 0.00526 0.006945 0.03268 0.009876 0.003206 0.015655 0.00701 0.00631 0.008399 0.01454 0.00605 0.827209 0.002839 0.011328 0.010525 0.01614 0.039476 0.00926 0.136454 0.61474 9.48E-4 0.002728 0.009761 0.290462 0.011901 0.203699 0.04683 0.006667 0.009295 0.01206 0.008325 
0.001857 0.805404 4.14E-4 0.003583 7.16E-4 0.002335 0.001342 0.004659 0.003208 0.001163 0.006504 0.002616 0.002142 0.071104 0.025601 6.9E-4 0.872236 9.96E-4 0.001647 0.547215 0.008938 0.00347 0.009918 0.00389 0.55114 4.31E-4 5.89E-4 0.003641 0.108046 0.003606 0.70085 0.033536 0.001295 0.022727 0.001224 0.002853 
0.004869 0.565067 9.68E-4 0.007048 0.001762 0.002971 0.002064 0.006721 0.003144 0.001785 0.011226 0.003071 0.002656 0.083633 0.022735 0.001479 0.126099 0.001059 0.002998 0.380662 0.010825 0.006116 0.010671 0.005426 0.572255 6.5E-4 9.15E-4 0.006596 0.909465 0.005655 0.823817 0.057105 0.002176 0.037259 0.002975 0.004791 
0.022522 0.863766 0.001573 0.020508 0.013311 0.009082 0.011513 0.024069 0.009406 0.007247 0.021014 0.015851 0.007737 0.011902 0.01945 0.010925 0.178699 0.005076 0.01584 0.017733 0.047326 0.015883 0.012829 0.019647 0.927112 0.001614 0.003702 0.013759 0.546313 0.013834 0.169839 0.016524 0.007251 0.011504 0.018449 0.01135 
0.007353 0.878328 0.001251 0.02507 0.004897 0.002336 0.00267 0.026079 0.010817 0.002417 0.040689 0.011912 0.003496 0.005134 0.014484 0.002568 0.440876 8.43E-4 0.008871 0.013526 0.020567 0.024956 0.003714 0.033495 0.579593 5.6E-4 0.001577 0.004074 0.574126 0.015081 0.06095 0.05917 0.005595 0.003017 0.004902 0.011857 
0.014196 0.610092 0.001394 0.036742 0.00836 0.004981 0.002227 0.079003 0.01072 0.004209 0.017607 0.006162 0.006335 0.005678 0.023461 0.003148 0.519917 7.04E-4 0.010278 0.007605 0.040412 0.030854 0.008349 0.015862 0.876184 0.001094 0.002312 0.004986 0.205181 0.009885 0.203592 0.016091 0.00485 0.006168 0.003293 0.011861 
0.009574 0.587403 6.39E-4 0.038002 0.006336 0.005189 0.004889 0.095486 0.015061 0.003988 0.01611 0.006982 0.006945 0.007065 0.020005 0.004174 0.905331 0.001898 0.013482 0.011014 0.035895 0.035305 0.012626 0.053403 0.478497 7.89E-4 0.001491 0.007368 0.141663 0.007703 0.145806 0.036953 0.002821 0.006494 0.007703 0.013268 
0.018259 0.247024 0.00192 0.020435 0.010398 0.00742 0.010883 0.018156 0.007389 0.003524 0.011524 0.005924 0.005542 0.007355 0.012691 0.010563 0.408869 0.002943 0.009873 0.010303 0.024251 0.029492 0.013582 0.147227 0.894501 0.001185 0.003557 0.009637 0.156808 0.009228 0.310679 0.064181 0.004858 0.007455 0.016328 0.007238 
0.006236 0.491146 4.35E-4 0.014756 0.001195 0.00181 0.002732 0.027139 0.005683 0.006817 0.015522 0.048215 0.005172 0.046871 0.039446 0.001869 0.339757 0.002814 0.024319 0.095758 0.026946 0.028529 0.003964 0.105999 0.024027 6.82E-4 6.59E-4 0.008056 0.582431 0.008953 0.278267 0.005585 0.002799 0.008422 0.004014 0.007235 
0.003528 0.864803 7.52E-4 0.009314 0.001478 0.002873 0.00346 0.018191 0.006484 0.006763 0.010368 0.043325 0.004584 0.041996 0.054495 0.002285 0.457754 0.002256 0.023112 0.11264 0.044396 0.043479 0.006094 0.067391 0.265302 3.72E-4 0.001411 0.01057 0.132285 0.004389 0.058109 0.008605 0.001816 0.01148 0.005454 0.003231 
0.01161 0.816235 0.003422 0.013097 0.010576 0.005796 0.0089 0.031055 0.01959 0.004538 0.018826 0.008131 0.014519 0.016575 0.019513 0.00934 0.469105 0.003639 0.01067 0.01699 0.016241 0.024902 0.009694 0.013773 0.662933 0.001425 0.004197 0.012415 0.52085 0.035477 0.793878 0.011031 0.011229 0.00929 0.011423 0.02236 
0.011632 0.153519 0.003635 0.018143 0.012815 0.02164 0.0046 0.019002 0.009381 0.008963 0.024258 0.012007 0.010157 0.01393 0.023685 0.004581 0.143951 0.002258 0.021179 0.032083 0.025158 0.028226 0.019081 0.056022 0.750985 0.005514 0.0102 0.007123 0.173883 0.012715 0.356787 0.014127 0.008908 0.022235 0.007979 0.013793 
0.011004 0.234251 0.001291 0.02681 0.007083 0.006355 0.005002 0.022981 0.010801 0.004328 0.021348 0.008014 0.007379 0.006648 0.007251 0.005791 0.81378 0.002626 0.011258 0.008047 0.011439 0.027653 0.01008 0.173853 0.35858 0.001236 0.002388 0.005949 0.506747 0.01575 0.203504 0.04628 0.005768 0.009346 0.007787 0.010799 
0.009355 0.015908 0.003722 0.024131 0.01391 0.01279 0.005729 0.016828 0.01928 0.011215 0.025821 0.018322 0.020061 0.010213 0.013753 0.006281 0.025692 0.003305 0.025579 0.014608 0.019141 0.029615 0.015009 0.044576 0.954959 0.003775 0.008375 0.006579 0.166353 0.0249 0.957514 0.014233 0.015081 0.016606 0.006686 0.020019 
0.019108 0.861657 0.001536 0.015014 0.013303 0.012067 0.011676 0.025465 0.015014 0.008229 0.021921 0.015153 0.011808 0.014928 0.015067 0.012833 0.331958 0.005768 0.018655 0.019544 0.02702 0.032157 0.016835 0.022623 0.183676 0.003271 0.005346 0.01183 0.489619 0.018592 0.032633 0.019255 0.007778 0.01388 0.016063 0.013421 
0.017563 0.585747 0.001144 0.074788 0.001509 0.002889 0.003097 0.037125 0.005631 0.001489 0.068799 0.002946 0.005171 0.002867 0.011028 0.002083 0.728611 8.12E-4 0.00305 0.006676 0.140097 0.02256 0.003993 0.005011 0.056813 0.002373 0.001245 0.004651 0.771485 0.015771 0.174155 0.004937 0.013776 0.001671 0.006172 0.013372 
0.040346 0.117145 1.89E-4 0.015907 0.001603 0.001233 0.002612 0.048388 0.002824 7.61E-4 0.010263 0.001912 0.00173 0.004995 0.048734 0.002021 0.684908 0.001204 0.002185 0.021108 0.153706 0.038475 0.002528 0.013753 0.389282 2.62E-4 3.26E-4 0.00513 0.487999 0.004065 0.240424 0.013946 0.001759 0.003404 0.00493 0.002743 
0.026444 0.111185 0.001827 0.019899 0.010419 0.004926 0.011006 0.026035 0.031688 0.005153 0.032703 0.009326 0.012087 0.011636 0.015496 0.01057 0.396419 0.005477 0.011656 0.017865 0.026119 0.02322 0.009493 0.022253 0.197279 0.001691 0.001298 0.010893 0.917299 0.025402 0.297354 0.013584 0.007785 0.011799 0.019824 0.014389 
0.018401 0.096227 6.91E-4 0.025919 0.005417 0.003287 0.00267 0.037851 0.006458 0.012587 0.007364 0.107669 0.009851 0.002475 0.010542 0.003292 0.500273 0.001192 0.078651 0.004203 0.036792 0.059704 0.005043 0.088762 0.233516 4.45E-4 0.001294 0.00322 0.959141 0.004623 0.384582 0.018806 0.002883 0.004624 0.003995 0.003811 
0.014494 0.307986 0.001197 0.03805 0.006803 0.002311 0.005269 0.113986 0.019117 0.003817 0.017879 0.007801 0.008307 0.004649 0.029445 0.00474 0.652421 0.001902 0.0092 0.004799 0.062644 0.033889 0.005519 0.016934 0.714242 7.23E-4 0.001171 0.008815 0.467517 0.0095 0.671164 0.021438 0.003849 0.002549 0.007163 0.018737 
0.012183 0.574617 5.26E-4 0.017101 0.00198 0.002164 0.002649 0.022105 0.010876 0.01774 0.009272 0.156462 0.014495 0.002996 0.011268 0.002075 0.198563 0.001192 0.099585 0.006041 0.038595 0.034474 0.003245 0.146058 0.334619 3.44E-4 0.001022 0.004426 0.120263 0.004739 0.863938 0.017738 0.002293 0.004434 0.003036 0.00328 
0.019929 0.492934 0.002144 0.017149 0.010935 0.00609 0.007647 0.029179 0.015576 0.004815 0.022569 0.008848 0.012848 0.011769 0.016974 0.00796 0.939274 0.00263 0.013806 0.019698 0.027689 0.020823 0.011708 0.014105 0.320244 6.79E-4 0.003001 0.010667 0.052211 0.025196 0.221653 0.023215 0.008343 0.009791 0.015001 0.015104 
0.021203 0.999329 0.002042 0.012498 0.00993 0.004369 0.010134 0.033142 0.021625 0.006039 0.025197 0.01114 0.015207 0.010919 0.012345 0.010255 0.047078 0.002872 0.012618 0.014743 0.01925 0.025861 0.009109 0.017779 0.502201 6.58E-4 0.00288 0.009774 0.162899 0.054335 0.355407 0.012812 0.007288 0.008788 0.015238 0.024295 
0.004742 0.278785 4.91E-4 0.004313 0.001586 0.002931 0.002981 0.007292 0.005145 0.001233 0.008979 0.002652 0.002899 0.105597 0.036963 0.001284 0.864673 0.002153 0.001752 0.408492 0.010038 0.003995 0.008991 0.004352 0.069368 0.001061 5.68E-4 0.005481 0.52698 0.005933 0.37937 0.03471 0.001531 0.038755 0.003431 0.004273 
0.013286 0.329904 0.001346 0.02212 0.002278 0.002833 0.002353 0.027052 0.00731 0.012665 0.007899 0.105009 0.011909 0.003699 0.013225 0.002128 0.817119 0.001111 0.070769 0.00825 0.048839 0.040524 0.005396 0.084439 0.37521 5.76E-4 9.21E-4 0.004071 0.207158 0.004193 0.342105 0.0232 0.010027 0.005265 0.005219 0.005687 
0.02733 0.120178 0.007223 0.011663 0.007343 0.013479 0.00587 0.127344 0.032735 0.00198 0.009747 0.005074 0.006991 0.006208 0.008747 0.006044 0.875033 0.002265 0.008405 0.00892 0.043306 0.050404 0.00586 0.014494 0.353639 0.010742 0.002095 0.006535 0.123381 0.015181 0.569111 0.008773 0.007888 0.004392 0.014265 0.011618 
0.014904 0.527025 5.43E-4 0.04411 0.003537 0.003243 0.00286 0.034884 0.012579 0.001814 0.011953 0.006114 0.006325 0.006956 0.010191 0.002637 0.380143 0.001059 0.007306 0.035036 0.127334 0.016596 0.005787 0.022208 0.053598 5.28E-4 0.001007 0.003679 0.600345 0.011868 0.118853 0.021545 0.003242 0.007241 0.005225 0.006214 
0.026274 0.650531 0.003256 0.018221 0.013157 0.005815 0.013524 0.024822 0.016076 0.005394 0.018423 0.010779 0.012237 0.012651 0.023124 0.012501 0.326388 0.00479 0.016713 0.021532 0.039819 0.025231 0.01224 0.021573 0.733742 0.001311 0.003234 0.015347 0.104822 0.016771 0.516271 0.01811 0.008376 0.012169 0.020807 0.012296 
0.014319 0.078229 8.31E-4 0.031163 0.00571 0.003078 0.006101 0.014563 0.007267 0.003285 0.016336 0.005799 0.005545 0.013321 0.009803 0.005388 0.047844 0.002912 0.00983 0.009498 0.021111 0.018772 0.005501 0.011339 0.371379 8.75E-4 0.001421 0.00711 0.548009 0.010367 0.456351 0.13781 0.007512 0.007783 0.008691 0.008135 
0.012333 0.885521 0.001512 0.020264 0.009648 0.006274 0.009685 0.015563 0.014298 0.007649 0.030917 0.019488 0.009836 0.013678 0.024917 0.008921 0.844081 0.005227 0.016315 0.018408 0.040665 0.01706 0.009957 0.021847 0.395871 0.002235 0.002745 0.014037 0.753792 0.017451 0.02124 0.016522 0.007042 0.010057 0.011636 0.015202 
0.007255 0.777232 0.001077 0.065653 0.005441 0.005812 0.003151 0.036622 0.006296 0.00293 0.014569 0.020565 0.003688 0.046123 0.020698 0.003678 0.02775 0.001678 0.026207 0.099702 0.016052 0.010041 0.022562 0.023702 0.608961 0.001876 0.003048 0.004199 0.18676 0.008582 0.511064 0.084265 0.002657 0.052181 0.00434 0.005039 
0.002629 0.012756 5.43E-4 0.004552 0.001664 0.002489 0.003567 0.0058 0.003972 0.001395 0.00831 0.004792 0.002615 0.105448 0.029451 0.001358 0.167812 0.001866 0.001431 0.378665 0.00913 0.002974 0.008389 0.002411 0.923556 5.71E-4 7.16E-4 0.007046 0.81102 0.00491 0.377159 0.046259 0.002021 0.047654 0.002988 0.004166 
0.011242 0.130974 0.001795 0.011928 0.006024 0.003962 0.005203 0.036467 0.021338 0.006115 0.016285 0.01632 0.018523 0.011156 0.014038 0.005534 0.800468 0.002672 0.015008 0.020944 0.017184 0.02595 0.009382 0.019038 0.904722 8.41E-4 0.00227 0.007148 0.550811 0.052518 0.833729 0.02308 0.007041 0.007011 0.008349 0.02658 
0.01446 0.817688 0.001794 0.023543 0.013756 0.007943 0.015433 0.015977 0.009625 0.004924 0.014253 0.006849 0.007434 0.017811 0.021912 0.013056 0.86199 0.007344 0.011295 0.044097 0.032795 0.01664 0.012477 0.013038 0.388356 0.001683 0.002562 0.017959 0.597083 0.010308 0.981176 0.0192 0.005476 0.013692 0.018855 0.009337 
0.002785 0.886328 3.53E-4 0.002768 0.001103 0.003011 0.00236 0.003678 0.001992 8.92E-4 0.00491 0.001767 0.001648 0.125297 0.027736 8.58E-4 0.158914 0.001625 0.001382 0.440837 0.011697 0.002695 0.011319 0.003083 0.757084 9.52E-4 4.03E-4 0.006003 0.633455 0.003532 0.47223 0.03368 0.001291 0.061427 0.00241 0.002505 
0.013852 0.615393 0.001509 0.026474 0.005596 0.005674 0.004031 0.053746 0.014878 0.008874 0.021771 0.016534 0.015439 0.004954 0.006953 0.003771 0.954847 0.001848 0.030221 0.008898 0.081409 0.052255 0.009404 0.030239 0.283939 8.06E-4 0.00266 0.008088 0.217792 0.016011 0.77949 0.01316 0.006247 0.00719 0.012176 0.014438 

