0.250306 0.003778 0.986927 0.012736 0.012642 0.011386 0.007717 0.020638 0.010376 0.050964 0.009963 0.012583 0.009 0.025338 0.006562 0.358125 0.007694 0.738823 0.011119 0.02644 0.00357 0.800623 0.007136 0.083986 0.004742 0.001745 0.003791 0.007866 0.027446 0.811347 0.007426 0.010018 0.017551 
0.069279 0.00184 0.617851 0.015957 0.016305 0.025705 0.01876 0.021562 0.01968 0.011972 0.025802 0.003385 0.017839 0.006462 0.010757 0.796245 0.005419 0.243648 0.021586 0.037664 0.004301 0.237869 0.009214 0.070214 0.007169 0.001507 0.003806 0.020523 0.040567 0.136007 0.010323 0.009908 0.010906 
0.274479 0.009406 0.212759 0.005408 0.005584 0.027363 0.005693 0.084218 0.005698 0.042124 0.007413 0.009369 0.008747 0.0142 0.004507 0.678778 0.011571 0.773986 0.008089 0.041944 0.008317 0.430301 0.006591 0.081623 0.002214 0.009807 0.004033 0.008345 0.021396 0.867518 0.007805 0.009591 0.008441 
0.259965 0.001622 0.513364 0.018622 0.002089 0.006876 0.003505 0.023598 0.01491 0.229239 0.00342 0.008048 0.015829 0.047204 0.008385 0.93745 0.004841 0.110048 0.002833 0.012187 7.99E-4 0.752858 0.004043 0.240905 0.005464 9.7E-4 7.42E-4 0.013825 0.025751 0.758974 0.007587 0.007514 0.005338 
0.775334 9.15E-4 0.67922 0.024136 0.008164 0.028718 0.006041 0.020701 0.03898 0.022044 0.012018 0.005378 0.049353 0.013443 0.020267 0.714472 0.007383 0.98668 0.01334 0.032976 0.003762 0.268712 0.003484 0.959381 0.011854 0.001624 0.003132 0.005574 0.01208 0.607727 0.01463 0.014191 0.010197 
0.534832 6.42E-4 0.366162 0.024438 0.004179 0.047374 0.005742 0.086272 0.010699 0.024547 0.007775 0.001997 0.019907 0.004659 0.007767 0.507435 0.003672 0.409816 0.009042 0.071825 0.001222 0.068339 0.003917 0.22664 0.006275 0.00103 0.002374 0.007914 0.028228 0.289485 0.006491 0.041251 0.007744 
0.806467 0.001933 0.94317 0.008967 0.00734 0.065707 0.003476 0.105525 0.008086 0.011391 0.009346 0.005435 0.013 0.011777 0.006931 0.545886 0.004057 0.283199 0.012213 0.044941 0.001332 0.049565 0.006175 0.321473 0.00373 6.55E-4 0.002367 0.007836 0.044844 0.601399 0.005819 0.010974 0.013162 
0.767244 3.67E-4 0.24892 0.014088 0.003013 0.055335 0.004274 0.023202 0.014922 0.027186 0.009638 0.001376 0.01247 0.003691 0.005318 0.378148 0.002161 0.977256 0.008876 0.177737 8.89E-4 0.746685 0.001816 0.252854 0.002728 3.08E-4 6.56E-4 0.005505 0.097586 0.049862 0.005156 0.031175 0.00502 
0.862722 0.001397 0.030915 0.019102 0.01218 0.024627 0.012307 0.023184 0.029303 0.016085 0.017996 0.004949 0.024316 0.008941 0.013862 0.975854 0.00378 0.002238 0.018303 0.026467 0.004419 0.628973 0.009248 0.493882 0.006296 0.001987 0.001651 0.013418 0.024673 0.242876 0.01316 0.018991 0.014357 
0.151341 3.19E-4 0.138865 0.024842 0.002574 0.025991 0.00348 0.029699 0.016755 0.063024 0.004453 0.001249 0.010133 0.005884 0.008921 0.751304 0.002334 0.63957 0.004597 0.159972 7.31E-4 0.688401 0.004112 0.34932 0.003627 5.8E-4 7.67E-4 0.005628 0.046554 0.496721 0.010294 0.03323 0.008145 
0.655693 5.23E-4 0.165346 0.004714 0.002664 0.00595 0.003645 0.007385 0.007592 0.009835 0.003625 0.002868 0.010378 0.006096 0.004934 0.619157 0.002954 0.361113 0.004066 0.015596 6.62E-4 0.233375 0.013211 0.826199 0.003309 0.001146 0.00118 0.007515 0.112094 0.546453 0.003879 0.03635 0.036962 
0.829056 0.001413 0.941818 0.017067 0.007641 0.019062 0.009733 0.01551 0.040233 0.015951 0.01589 0.003905 0.035967 0.008534 0.020154 0.368351 0.007313 0.094489 0.014561 0.02451 0.002354 0.72663 0.006292 0.017173 0.011663 0.001235 0.001359 0.011392 0.027265 0.626591 0.018713 0.009319 0.008328 
0.53049 2.06E-4 0.445789 0.003016 0.001012 0.001701 0.002028 0.003199 0.003822 0.004619 8.13E-4 0.001341 0.005967 0.002588 0.002717 0.133432 0.001766 0.955896 8.89E-4 0.009897 1.74E-4 0.531243 0.018712 0.508787 0.002056 8.17E-4 5.25E-4 0.005333 0.086577 0.859717 0.002583 0.030358 0.045703 
0.512666 0.001482 0.324562 0.006591 0.003947 0.106279 0.004312 0.259755 0.006515 0.033111 0.007658 0.004405 0.011595 0.007329 0.005514 0.361007 0.005826 0.298017 0.011991 0.074974 9.95E-4 0.382996 0.003082 0.083582 0.006033 5.8E-4 0.001066 0.005305 0.048505 0.832865 0.004111 0.003453 0.00318 
0.872813 0.003171 0.861596 0.119552 0.001574 0.005286 0.002419 0.010931 0.071644 0.006663 0.003765 0.001061 0.086096 0.001616 0.013983 0.233168 0.003569 0.644794 0.002484 0.121107 5.79E-4 0.980563 0.002021 0.711735 0.00858 0.00236 0.001248 0.004425 0.033764 0.938002 0.022338 0.003678 0.001398 
0.155553 8.31E-4 0.152902 0.061863 0.002923 0.005991 0.002414 0.025019 0.007736 0.033473 0.003155 0.003599 0.014427 0.027764 0.005541 0.959117 0.003277 0.790235 0.002886 0.01781 7.31E-4 0.831302 0.021476 0.152538 0.003936 0.001607 0.00278 0.005249 0.013161 0.089569 0.005606 0.04253 0.082747 
0.360468 3.39E-4 0.115494 0.012691 0.00371 0.037413 0.003425 0.031488 0.033066 0.110832 0.004797 0.001494 0.029234 0.006476 0.008626 0.398118 0.00157 0.026146 0.006845 0.036134 6.86E-4 0.654688 0.003737 0.080281 0.003129 4.44E-4 9.52E-4 0.004737 0.036911 0.828906 0.005191 0.060436 0.00383 
0.287648 0.001873 0.950582 0.022341 0.005734 0.025767 0.003257 0.049009 0.016379 0.020196 0.01357 0.01122 0.01561 0.025743 0.011958 0.301206 0.007234 0.580565 0.009806 0.096932 0.002041 0.073094 0.003413 0.460648 0.007351 0.00181 0.003794 0.004195 0.007467 0.084627 0.008831 0.01981 0.014716 
0.424476 5.25E-4 0.593561 0.039948 0.00349 0.004865 0.002987 0.024604 0.006944 0.005771 0.003008 0.003288 0.011356 0.017771 0.005357 0.926533 0.002596 0.1045 0.004097 0.014698 0.0014 0.642079 0.016952 0.883615 0.00361 0.001809 0.002776 0.004359 0.011313 0.607257 0.004443 0.092541 0.069565 
0.083498 8.45E-4 0.473618 0.008323 0.00183 0.006117 0.002244 0.034981 0.013391 0.280721 0.005377 0.006381 0.022253 0.030822 0.006431 0.450388 0.004625 0.469101 0.003796 0.022674 5.59E-4 0.877634 0.006181 0.949706 0.006142 5.74E-4 9.84E-4 0.007364 0.039336 0.279829 0.003917 0.00523 0.010474 
0.631955 0.001744 0.680352 0.024749 0.011406 0.017368 0.009632 0.019813 0.04645 0.0171 0.018183 0.00611 0.04019 0.009704 0.024273 0.904406 0.006924 0.283444 0.017073 0.022003 0.003626 0.849682 0.005293 0.378823 0.012822 0.001471 0.002213 0.009335 0.021359 0.24327 0.021503 0.010646 0.00697 
0.339688 9.69E-4 0.215177 0.007924 0.003621 0.055208 0.003124 0.09765 0.009015 0.006324 0.004285 0.002498 0.016433 0.007706 0.008783 0.650619 0.00301 0.584465 0.00614 0.055986 0.001278 0.394607 0.003651 0.243873 0.00555 8.81E-4 0.001918 0.005589 0.054763 0.197862 0.005954 0.008466 0.012851 
0.46741 0.001012 0.970373 0.043387 0.003003 0.004852 0.002326 0.019037 0.010129 0.007846 0.003185 0.002144 0.012088 0.012222 0.009071 0.964292 0.002512 0.427793 0.003435 0.010944 0.001268 0.558118 0.016738 0.123861 0.005973 9.52E-4 0.00188 0.004241 0.008925 0.656694 0.010362 0.122986 0.067811 
0.329975 0.001749 0.821019 0.022063 0.006345 0.015739 0.004516 0.020257 0.016686 0.011535 0.008076 0.005282 0.015436 0.008243 0.012777 0.380664 0.005089 0.063739 0.00918 0.010439 0.001602 0.999773 0.00334 0.171364 0.007188 0.001169 0.003122 0.00488 0.030626 0.966472 0.010098 0.050764 0.009983 
0.255962 7.99E-4 0.358128 0.025363 0.008673 0.01757 0.007231 0.023778 0.012683 0.011724 0.010734 0.003677 0.008118 0.007628 0.007462 0.419518 0.002914 0.70253 0.012263 0.018625 0.002705 0.431218 0.007482 0.488988 0.003888 9.01E-4 0.001948 0.008264 0.015061 0.929169 0.011176 0.152978 0.006446 
0.802237 0.001136 0.823704 0.015511 0.011079 0.024504 0.012391 0.025574 0.038516 0.014627 0.018449 0.003515 0.03579 0.008596 0.017045 0.605693 0.006257 0.993343 0.018164 0.023576 0.001967 0.203797 0.010078 0.810615 0.007354 0.002569 0.00184 0.01366 0.023255 0.708113 0.01811 0.0131 0.012886 
0.462018 0.001018 0.846304 0.008059 0.00461 0.086832 0.00407 0.126392 0.008091 0.010723 0.006254 0.001787 0.014254 0.00689 0.006539 0.555444 0.004703 0.739022 0.006849 0.034242 0.0012 0.925437 0.00511 0.408063 0.004275 7.62E-4 0.001843 0.006625 0.048219 0.826307 0.005808 0.006455 0.01059 
0.700043 0.00138 0.030389 0.0165 0.005044 0.022216 0.006088 0.030891 0.01019 0.046536 0.00533 0.014602 0.00793 0.117176 0.005829 0.461738 0.003905 0.558565 0.006473 0.058491 0.002029 0.850679 0.00379 0.753201 0.002225 4.72E-4 0.001236 0.01086 0.011382 0.214512 0.005942 0.018155 0.004105 
0.733773 0.010647 0.044079 0.00637 0.007839 0.041066 0.005435 0.136622 0.009668 0.01088 0.01105 0.002041 0.009578 0.005649 0.006357 0.879884 0.013269 0.440187 0.013106 0.043255 0.009235 0.398993 0.002523 0.68672 0.002304 0.011368 0.001746 0.008315 0.006514 0.437172 0.008616 0.0039 0.003003 
0.475879 0.001506 0.269047 0.031659 0.01021 0.01689 0.010125 0.019128 0.033645 0.018166 0.013922 0.006441 0.030021 0.012829 0.022229 0.288565 0.007695 0.28284 0.014457 0.017089 0.004141 0.620425 0.00843 0.594194 0.00929 0.001526 0.001952 0.010717 0.019282 0.368311 0.023259 0.014361 0.009558 
0.857374 0.001765 0.241787 0.010405 0.008646 0.011435 0.008478 0.02308 0.015735 0.011712 0.009981 0.008648 0.030748 0.011199 0.011192 0.75193 0.007179 0.835713 0.012191 0.016166 0.003075 0.835405 0.009237 0.650459 0.008723 0.001381 0.003434 0.011535 0.01745 0.08437 0.008718 0.019837 0.011479 
0.171481 0.00126 0.34631 0.013074 0.002392 0.004401 0.002162 0.018477 0.009229 0.232056 0.00327 0.008601 0.016464 0.045066 0.007243 0.601023 0.003068 0.236805 0.00282 0.048407 8.34E-4 0.775061 0.003976 0.364401 0.004121 8.16E-4 0.001636 0.006056 0.024983 0.795362 0.005126 0.010473 0.010315 
0.915477 0.00162 0.251413 0.00859 0.003589 0.019311 0.003845 0.074706 0.007471 0.044994 0.004013 0.005378 0.00746 0.013218 0.006047 0.54327 0.004995 0.055314 0.004643 0.058351 0.001096 0.311755 0.004528 0.578572 0.00399 0.001526 0.002748 0.007195 0.026225 0.895597 0.006813 0.01102 0.010197 
0.973014 0.001266 0.036426 0.006712 0.002155 0.005816 0.003257 0.019116 0.011729 0.224842 0.004739 0.011729 0.016784 0.059768 0.004712 0.975958 0.00375 0.135478 0.004034 0.024516 6.79E-4 0.915766 0.005936 0.326245 0.003831 0.001194 0.001018 0.008324 0.019384 0.365033 0.003392 0.006187 0.007282 
0.995374 0.001927 0.268124 0.004492 0.004408 0.049761 0.002996 0.098331 0.006877 0.01474 0.006101 0.004246 0.012609 0.010484 0.006071 0.398896 0.004852 0.568354 0.008551 0.054893 0.001122 0.687653 0.004152 0.832513 0.005106 8.33E-4 0.001241 0.005795 0.041479 0.649751 0.005131 0.004756 0.007219 
0.847759 8.96E-4 0.158824 0.015498 0.008665 0.039792 0.008848 0.078719 0.010814 0.023377 0.017005 0.006877 0.00977 0.019866 0.007881 0.113817 0.004716 0.009977 0.017718 0.061847 0.002153 0.575078 0.004942 0.355828 0.005151 8.43E-4 0.001923 0.013465 0.023084 0.582781 0.007885 0.012418 0.010649 
0.747197 0.001549 0.903665 0.022226 0.008856 0.024982 0.0077 0.02503 0.025595 0.017064 0.013093 0.008343 0.02189 0.019814 0.013995 0.675375 0.005659 0.190903 0.014426 0.052407 0.002537 0.123501 0.005406 0.908526 0.006835 0.00124 0.002395 0.009173 0.021792 0.260512 0.016446 0.01708 0.010337 
0.964257 0.0015 0.260998 0.004772 0.004368 0.031546 0.005252 0.049128 0.004686 0.03695 0.007387 0.005321 0.00486 0.010213 0.005424 0.99499 0.005035 0.883789 0.007325 0.054038 0.001222 0.001463 0.004391 0.665325 0.003561 9.93E-4 0.001088 0.010871 0.043835 0.671151 0.003726 0.010986 0.00516 
0.889635 0.010265 0.059691 0.007559 0.005921 0.03101 0.00571 0.077104 0.016081 0.021112 0.009369 0.006038 0.009261 0.013515 0.010634 0.542992 0.013174 0.608759 0.00892 0.069094 0.008543 0.985246 0.005299 0.65803 0.003901 0.010898 0.002342 0.011311 0.023326 0.109633 0.008223 0.006067 0.006399 
0.560333 0.001172 0.354569 0.023615 0.004428 0.006621 0.003104 0.023573 0.006817 0.054923 0.004158 0.004739 0.012337 0.04296 0.00668 0.113276 0.005582 0.781092 0.004171 0.012633 0.001626 0.795642 0.014338 0.241937 0.006496 0.00217 0.002335 0.00399 0.012173 0.612727 0.004372 0.078535 0.049641 
0.7059 0.001192 0.361297 0.030382 0.004187 0.013384 0.003592 0.019274 0.022689 0.009935 0.005006 0.003938 0.019322 0.006741 0.013356 0.158406 0.005 0.318345 0.005719 0.009607 0.001399 0.901496 0.005931 0.741629 0.00725 0.001438 0.0026 0.00647 0.017462 0.700892 0.012598 0.062636 0.011813 
0.646346 0.009253 0.824499 0.009157 0.007114 0.035029 0.005338 0.081323 0.009819 0.014788 0.010615 0.004331 0.008739 0.00762 0.006724 0.968778 0.012335 0.156694 0.012499 0.060322 0.007711 0.014854 0.003082 0.959609 0.002954 0.010295 0.001533 0.007799 0.019498 0.379573 0.007362 0.007022 0.007531 
0.198807 3.81E-4 0.493893 0.014292 0.004867 0.012939 0.006384 0.01026 0.009283 0.012588 0.007931 0.002611 0.014538 0.007491 0.005873 0.165277 0.004333 0.326774 0.008259 0.013502 0.002302 0.533 0.0074 0.535117 0.005517 9.46E-4 0.001085 0.009307 0.014171 0.623169 0.00455 0.17136 0.012965 
0.905158 0.001332 0.179369 0.05053 0.005926 0.033378 0.006803 0.078207 0.019279 0.020295 0.007546 0.002887 0.020437 0.005566 0.007236 0.775305 0.004637 0.544682 0.009882 0.059172 0.002043 0.036878 0.005087 0.109361 0.005685 0.001144 0.001782 0.008936 0.023738 0.876351 0.008285 0.025355 0.006822 
0.083316 0.00145 0.801442 0.009283 0.004002 0.051635 0.002554 0.109842 0.008619 0.012204 0.004122 0.002722 0.01301 0.008855 0.010572 0.292832 0.003994 0.804521 0.007766 0.03235 0.001407 0.52474 0.003176 0.346502 0.007113 8.91E-4 0.002138 0.003551 0.04353 0.511106 0.009824 0.006712 0.007979 
0.461121 7.83E-4 0.87747 0.018583 0.010206 0.010515 0.009037 0.015446 0.021432 0.011722 0.009244 0.005157 0.025185 0.01027 0.012651 0.260206 0.008088 0.355033 0.010317 0.020625 0.004212 0.53169 0.007323 0.806096 0.01136 0.001227 0.004984 0.013138 0.024704 0.090962 0.010933 0.016162 0.012788 
0.567841 0.002578 0.972852 0.018811 0.009752 0.023071 0.008586 0.021597 0.016133 0.019665 0.016443 0.007983 0.015363 0.013569 0.011076 0.489655 0.00981 0.815987 0.018061 0.033202 0.002708 0.446801 0.004479 0.74849 0.010851 0.001609 0.004487 0.008384 0.026618 0.298964 0.011326 0.020033 0.01001 
0.638244 0.001189 0.957112 0.015937 0.008309 0.020275 0.006421 0.046847 0.014483 0.016614 0.010316 0.006188 0.017569 0.014463 0.01502 0.757839 0.008631 0.278839 0.012567 0.019111 0.002162 0.72309 0.005758 0.342871 0.012457 0.001321 0.003101 0.008175 0.025459 0.343006 0.013514 0.016612 0.009491 
0.385102 0.012334 0.702138 0.007348 0.009846 0.0308 0.006426 0.074664 0.011634 0.023372 0.011348 0.007077 0.011023 0.010434 0.007767 0.602537 0.014983 0.27897 0.014147 0.060301 0.010378 0.645072 0.003922 0.743675 0.00502 0.012907 0.001706 0.01279 0.016821 0.251504 0.009952 0.003343 0.003628 
0.891393 2.88E-4 0.297508 0.0081 0.012235 0.056351 0.006924 0.155295 0.008 0.016231 0.020895 0.001258 0.008402 0.001803 0.005248 0.245667 0.002134 0.256528 0.046445 0.091306 0.001466 0.887883 0.002115 0.650474 0.00353 5.86E-4 0.001633 0.00735 0.02185 0.861106 0.005198 0.005206 0.002297 
0.035016 0.001498 0.097281 0.020824 0.003522 0.015647 0.003969 0.024334 0.013967 0.080814 0.004426 0.013336 0.007563 0.121648 0.007564 0.635186 0.00566 0.504324 0.004237 0.043689 0.001427 0.376689 0.002114 0.908439 0.003794 7.3E-4 0.002222 0.004606 0.012713 0.03975 0.007746 0.023199 0.007378 
0.316071 0.001357 0.509953 0.043166 0.005342 0.007249 0.003357 0.01856 0.010568 0.011548 0.005502 0.003826 0.0168 0.019899 0.00848 0.908438 0.002913 0.622391 0.00538 0.01248 0.001619 0.370486 0.011507 0.614904 0.005442 0.00149 0.003845 0.004217 0.024174 0.077487 0.008386 0.095946 0.072547 
0.373579 2.43E-4 0.856251 0.008157 0.015142 0.06108 0.008768 0.124123 0.007603 0.007367 0.023547 0.001414 0.007282 0.001851 0.005526 0.18184 0.002106 0.741304 0.044325 0.067331 0.001942 0.433423 0.002647 0.584201 0.003773 4.2E-4 0.001757 0.007659 0.025879 0.221695 0.005033 0.004703 0.003264 
0.721327 0.002067 0.14115 0.028881 0.006444 0.017063 0.008161 0.020823 0.028745 0.020902 0.009961 0.005141 0.023972 0.009345 0.011205 0.687129 0.005973 0.239492 0.009776 0.022757 0.002665 0.40732 0.005826 0.512087 0.008314 0.002521 0.002098 0.009592 0.021066 0.928845 0.021222 0.014588 0.008927 
0.752874 0.001415 0.706085 0.004612 0.00526 0.051165 0.004908 0.12509 0.006577 0.009096 0.005314 0.003114 0.013472 0.009575 0.004971 0.829581 0.004233 0.098756 0.005995 0.035136 0.001623 0.968546 0.004197 0.595336 0.004267 4.78E-4 0.00145 0.007383 0.035193 0.496722 0.003132 0.004016 0.006655 
0.286018 8.74E-4 0.570683 0.026005 0.005043 0.029902 0.005042 0.024533 0.05807 0.123853 0.007793 0.002457 0.047297 0.006837 0.020202 0.822182 0.003599 0.465662 0.008275 0.041115 0.001492 0.446216 0.003252 0.57183 0.006654 4.89E-4 0.001295 0.005859 0.052107 0.699134 0.012736 0.045787 0.003245 
0.733873 0.002205 0.382868 0.011385 0.00151 0.013216 0.002658 0.019419 0.010667 0.155533 0.003477 0.011555 0.010807 0.071885 0.003397 0.855347 0.0051 0.176519 0.00289 0.02407 5.82E-4 0.828215 0.005878 0.084649 0.003298 0.001154 9.73E-4 0.010729 0.029925 0.331989 0.004021 0.005448 0.009319 
0.3687 0.001284 0.363229 0.014154 0.007709 0.025203 0.008015 0.01821 0.018942 0.013599 0.0114 0.005658 0.020467 0.016657 0.01368 0.634579 0.005492 0.338604 0.013475 0.031776 0.002611 0.206431 0.006676 0.407619 0.007012 0.001921 0.003517 0.010872 0.017163 0.468399 0.010529 0.016544 0.015134 
0.909411 0.004107 0.175436 0.110327 0.00272 0.006947 0.004072 0.012941 0.053707 0.013014 0.00655 0.001484 0.065191 0.003067 0.010844 0.709639 0.002858 0.513679 0.004467 0.098097 6.64E-4 0.176661 0.003 0.858297 0.006848 0.00281 8.21E-4 0.008139 0.078414 0.961663 0.018473 0.004836 0.00304 
0.860982 8.22E-4 0.587362 0.020059 0.004176 0.03553 0.00461 0.032277 0.047995 0.107903 0.006212 0.002618 0.036394 0.011808 0.010293 0.23309 0.003765 0.952528 0.006635 0.024351 0.001524 0.253718 0.002582 0.458974 0.005654 4.8E-4 0.001088 0.004412 0.046355 0.660836 0.008799 0.047751 0.004046 
0.937677 0.002733 0.24607 0.010244 0.013606 0.026338 0.010387 0.032184 0.011976 0.038718 0.018058 0.008634 0.012144 0.016341 0.008102 0.846711 0.005425 0.598629 0.020223 0.03795 0.002791 0.681479 0.007274 0.581491 0.005231 0.002049 0.003488 0.012067 0.035029 0.047787 0.007966 0.014752 0.012338 
0.640559 0.001303 0.134921 0.008933 0.004309 0.036911 0.008275 0.044186 0.007997 0.023957 0.010026 0.00468 0.008446 0.0101 0.006355 0.361933 0.005153 0.516657 0.010082 0.039785 0.001682 0.842178 0.006323 0.913814 0.005348 0.001475 0.00328 0.017559 0.037404 0.658774 0.006002 0.009246 0.011647 
0.413183 0.002358 0.986051 0.020583 0.005191 0.038433 0.004227 0.086613 0.018701 0.029873 0.008885 0.015194 0.017891 0.019484 0.012289 0.319068 0.007066 0.120508 0.010308 0.071547 0.001511 0.073842 0.00305 0.718181 0.005502 0.00112 0.001573 0.005411 0.012549 0.09863 0.007453 0.010716 0.008606 
0.956345 0.001311 0.389129 0.025333 0.014382 0.02186 0.019814 0.025281 0.016859 0.046649 0.014019 0.012906 0.010809 0.090437 0.011708 0.757884 0.007353 0.588362 0.013013 0.03091 0.006863 0.622324 0.008849 0.429302 0.006753 3.86E-4 0.001622 0.021814 0.008357 0.572971 0.012009 0.018812 0.002452 
0.573307 0.001117 0.626955 0.045462 0.007064 0.045452 0.005276 0.110308 0.009673 0.02306 0.007544 0.002498 0.012991 0.005456 0.005237 0.859846 0.002933 0.580618 0.011514 0.069613 0.001572 0.338535 0.003931 0.180591 0.003903 7.02E-4 0.001663 0.007409 0.031275 0.163566 0.007894 0.021728 0.006156 
0.242516 0.003406 0.304298 0.068819 0.00245 0.006957 0.003714 0.022679 0.056566 0.004787 0.003925 0.001546 0.059347 0.001771 0.010454 0.436933 0.001403 0.564996 0.003677 0.186545 9.04E-4 0.479419 0.002347 0.29086 0.005783 0.00283 8.86E-4 0.006694 0.060118 0.936684 0.016801 0.00322 0.001675 
0.258096 0.001262 0.479914 0.016889 0.007807 0.011776 0.007775 0.031537 0.019741 0.012588 0.010713 0.007019 0.022557 0.018897 0.011884 0.608808 0.006695 0.258446 0.01193 0.047897 0.003676 0.169242 0.004467 0.26844 0.008333 0.001335 0.002542 0.008083 0.0168 0.48101 0.010082 0.012494 0.010673 
0.347916 0.002995 0.724825 0.015384 0.01107 0.012766 0.006503 0.019522 0.010022 0.037242 0.009056 0.016563 0.011931 0.026633 0.008442 0.36192 0.010503 0.615532 0.009442 0.01442 0.002932 0.768245 0.008282 0.858312 0.006664 0.003493 0.006069 0.006561 0.02387 0.961746 0.010322 0.014501 0.015366 
0.737073 4.44E-4 0.068798 0.007589 0.017623 0.047925 0.007824 0.128947 0.007992 0.017013 0.02219 0.001527 0.008165 0.003224 0.006987 0.887031 0.003014 0.611237 0.059056 0.076033 0.00218 0.425497 0.001607 0.183528 0.004909 4.98E-4 0.002023 0.006497 0.020423 0.696715 0.005406 0.004949 0.003956 
0.345308 5.95E-4 0.796179 0.016543 0.004142 0.028236 0.003303 0.02526 0.035879 0.111723 0.004804 0.002319 0.029158 0.007119 0.012393 0.62945 0.002395 0.207032 0.007552 0.035543 7.93E-4 0.073596 0.002144 0.691191 0.004775 4.27E-4 9.11E-4 0.004141 0.03867 0.946817 0.008078 0.067696 0.002555 
0.466512 0.001765 0.46791 0.014593 0.011614 0.021854 0.011818 0.029068 0.016228 0.022438 0.016633 0.005433 0.017649 0.013206 0.009989 0.746185 0.007644 0.067383 0.019591 0.032798 0.002885 0.085552 0.0092 0.860827 0.008739 0.002177 0.002847 0.014541 0.045439 0.498104 0.009235 0.020382 0.014081 
0.53825 9.28E-4 0.327024 0.015406 0.007932 0.053274 0.005141 0.10022 0.009796 0.006821 0.006029 0.003497 0.009304 0.007553 0.006942 0.922338 0.002664 0.708671 0.009947 0.039531 0.002548 0.076273 0.003865 0.804069 0.002789 8.74E-4 0.003191 0.007508 0.072443 0.463295 0.010251 0.011125 0.0121 
0.926294 0.001371 0.294303 0.020278 0.005775 0.024839 0.004153 0.098883 0.014789 0.030853 0.008096 0.009202 0.018503 0.015535 0.011627 0.014362 0.004975 0.864622 0.009892 0.069037 0.001732 0.651269 0.004731 0.179915 0.004704 0.001596 0.001716 0.007388 0.021618 0.06818 0.00801 0.013183 0.01008 
0.424311 0.013911 0.400293 0.007035 0.006875 0.025451 0.008324 0.057812 0.013045 0.020067 0.01354 0.00348 0.012946 0.007195 0.008449 0.404338 0.017114 0.266242 0.011684 0.061712 0.012152 0.354081 0.005058 0.111923 0.005865 0.014829 0.00194 0.011826 0.026559 0.613546 0.011583 0.007305 0.010528 
0.231095 5.56E-4 0.014093 0.007292 0.010296 0.044991 0.00558 0.154611 0.008047 0.025701 0.014464 0.00331 0.007336 0.003909 0.004844 0.48223 0.002117 0.433435 0.030139 0.115045 0.001658 0.588366 0.003231 0.62288 0.003631 7.36E-4 0.001484 0.005973 0.025011 0.527434 0.004348 0.01232 0.006991 
0.276995 0.004799 0.889904 0.117175 0.002397 0.006468 0.003147 0.013861 0.04162 0.012002 0.004571 0.001082 0.065348 0.003691 0.010176 0.49652 0.002629 0.702765 0.004132 0.100023 0.001063 0.014764 0.002821 0.501415 0.0061 0.003746 0.002353 0.004289 0.058527 0.533958 0.019091 0.007318 0.003515 
0.837006 0.001095 0.545005 0.024305 0.007738 0.017037 0.008811 0.016725 0.02591 0.016301 0.011446 0.005752 0.028563 0.01085 0.01695 0.132615 0.007727 0.121 0.011413 0.047039 0.004434 0.874943 0.006178 0.827804 0.011012 0.001736 0.004259 0.009154 0.021301 0.833349 0.015593 0.016842 0.01422 
0.703969 0.005079 0.523592 0.024372 0.010318 0.011623 0.00729 0.021773 0.023578 0.034325 0.009185 0.014463 0.030129 0.011371 0.024945 0.670797 0.012847 0.898799 0.009871 0.021256 0.002361 0.842949 0.008995 0.298815 0.016454 0.001882 0.005777 0.011374 0.034109 0.381611 0.021726 0.012359 0.011401 
0.831112 0.001742 0.509022 0.006591 0.004821 0.132127 0.002699 0.090809 0.007732 0.008621 0.003893 0.004383 0.017402 0.01224 0.006952 0.117489 0.005508 0.382569 0.00957 0.042715 0.001896 0.387863 0.00495 0.168832 0.005388 9.47E-4 0.001598 0.004703 0.059221 0.928011 0.004809 0.00815 0.012827 
0.505776 0.001454 0.708588 0.024 0.007867 0.036961 0.00594 0.066386 0.01015 0.038686 0.009851 0.011833 0.010538 0.019705 0.007381 0.472598 0.009058 0.464699 0.011479 0.089386 0.002044 0.234303 0.002873 0.958059 0.005949 8.72E-4 0.002402 0.008747 0.014331 0.305053 0.009431 0.01439 0.006052 
0.637898 3.97E-4 0.123693 0.021739 0.003897 0.008971 0.005543 0.011 0.011855 0.004806 0.00666 0.001355 0.011324 0.002752 0.007741 0.189471 0.001935 0.606442 0.006359 0.014739 0.001488 0.544522 0.004646 0.820996 0.003234 7.06E-4 0.001286 0.007426 0.013612 0.01612 0.006175 0.158483 0.005308 
0.004393 5.32E-4 0.849894 0.016796 0.00537 0.035116 0.005751 0.023969 0.063167 0.125243 0.007251 0.00201 0.044619 0.010626 0.020044 0.489126 0.002655 0.878873 0.008701 0.028763 0.001536 0.845351 0.002957 0.997041 0.006607 2.99E-4 0.00109 0.006637 0.034424 0.542607 0.012598 0.046716 0.001873 
0.458891 0.001711 0.725928 0.022632 0.002262 0.027906 0.001719 0.021891 0.009525 0.053315 0.002118 0.021048 0.005067 0.179329 0.00486 0.048875 0.005866 0.919777 0.002938 0.042941 8.42E-4 0.399193 0.002078 0.701328 0.001569 5.81E-4 0.001583 0.00373 0.010879 0.582295 0.006159 0.01632 0.005766 
0.515766 5.43E-4 0.600839 0.025273 0.003 0.004761 0.003772 0.005882 0.008195 0.00639 0.003606 0.001951 0.006754 0.003533 0.005703 0.233374 0.002371 0.65252 0.003823 0.010266 0.001958 0.277611 0.005729 0.112462 0.00327 9.92E-4 0.001153 0.004792 0.006106 0.837841 0.00548 0.167293 0.011133 
0.828802 7.05E-4 0.788823 0.022157 0.007127 0.015588 0.006969 0.018574 0.016821 0.011877 0.009838 0.002519 0.016237 0.005502 0.008631 0.507602 0.002518 0.751224 0.009787 0.020718 0.003846 0.072831 0.007485 0.473031 0.003416 0.001211 0.001747 0.009834 0.019116 0.322482 0.009242 0.132502 0.010296 
0.709485 0.00205 0.530778 0.017934 0.002171 0.021188 0.002045 0.035445 0.005499 0.079097 0.002205 0.020957 0.004496 0.161866 0.002038 0.80532 0.00854 0.182228 0.003349 0.031472 7.19E-4 0.229306 0.002023 0.22731 0.001427 5.04E-4 8.1E-4 0.00347 0.008545 0.148633 0.002632 0.012829 0.003494 
0.204493 7.03E-4 0.515773 0.027733 0.007382 0.049715 0.008192 0.116536 0.013462 0.016795 0.011148 0.00237 0.015618 0.004681 0.006982 0.726741 0.003683 0.946009 0.013067 0.038048 0.001898 0.678569 0.004772 0.790645 0.005549 8.35E-4 0.001654 0.01303 0.019393 0.678106 0.007002 0.02473 0.006392 
0.627005 0.001516 0.17884 0.008157 0.007462 0.030429 0.012078 0.038426 0.009306 0.04289 0.011583 0.006741 0.010161 0.010581 0.012259 0.92581 0.008377 0.817635 0.009107 0.048089 0.002717 0.740008 0.007528 0.517541 0.007977 0.00103 0.002356 0.019683 0.033612 0.913182 0.007813 0.019983 0.005704 
0.094808 0.001505 0.730718 0.007029 0.006105 0.039083 0.006416 0.059657 0.006162 0.049997 0.0102 0.007667 0.006477 0.010251 0.007221 0.430595 0.007267 0.6522 0.010989 0.048498 0.001283 0.452822 0.005851 0.261176 0.005821 0.001128 0.001746 0.010999 0.064597 0.450963 0.005959 0.007739 0.006074 
0.482673 0.002184 0.924548 0.091135 0.003131 0.007429 0.004568 0.023962 0.066992 0.00406 0.006475 0.001121 0.061783 0.00174 0.015161 0.880457 0.002122 0.121354 0.004769 0.149153 0.001304 0.196277 0.001941 0.081253 0.007172 0.001421 0.001059 0.006749 0.059863 0.128265 0.020228 0.003355 0.001604 
0.474215 5.71E-4 0.217865 0.009386 0.010083 0.043136 0.00427 0.269464 0.004117 0.022375 0.012306 0.001857 0.004701 0.002735 0.004093 0.899776 0.002642 0.12544 0.02467 0.057272 0.001263 0.502746 0.001686 0.076979 0.003253 5.86E-4 0.001478 0.004476 0.031679 0.835027 0.004319 0.010233 0.003445 
0.140874 6.16E-4 0.022414 0.015655 0.004301 0.009084 0.005528 0.012383 0.008648 0.00724 0.006098 0.002693 0.008978 0.005478 0.006018 0.496799 0.003485 0.067785 0.005871 0.012971 0.0016 0.494456 0.006429 0.053832 0.004063 0.001385 0.001489 0.00746 0.01054 0.893474 0.005886 0.184247 0.009203 
0.583133 0.001355 0.499649 0.025017 0.005484 0.025263 0.00437 0.05352 0.012852 0.019799 0.011009 0.009051 0.014627 0.015506 0.012077 0.89748 0.004404 0.827142 0.010775 0.099154 0.001048 0.032073 0.003417 0.615288 0.004379 0.001935 0.002152 0.006347 0.026989 0.698254 0.007365 0.017836 0.011114 
0.987539 5.22E-4 0.873512 0.005096 0.00238 0.004806 0.003317 0.006289 0.00647 0.0087 0.002789 0.001638 0.007642 0.002466 0.003911 0.511008 0.00151 0.720723 0.00311 0.009577 6.1E-4 0.337845 0.01562 0.070221 0.002787 8.6E-4 8.6E-4 0.008929 0.094508 0.922713 0.003234 0.03343 0.032078 
0.40683 6.88E-4 0.898376 0.006449 0.007395 0.070186 0.00552 0.266688 0.0059 0.018358 0.014289 0.001773 0.005464 0.003353 0.00452 0.753736 0.002425 0.267748 0.024066 0.063779 0.001235 0.954755 0.001782 0.728444 0.003231 3.42E-4 0.001225 0.005335 0.016994 0.938316 0.003995 0.004773 0.002207 
0.824647 3.84E-4 0.431433 0.013544 0.005655 0.050373 0.004082 0.028389 0.021233 0.212894 0.007148 0.001806 0.016263 0.010841 0.005607 0.386423 0.001591 0.737633 0.007038 0.046444 0.001389 0.740844 0.003353 0.830886 0.002871 5.19E-4 9.29E-4 0.004945 0.029732 0.452999 0.005713 0.058708 0.005249 
0.193249 4.29E-4 0.426041 0.01755 0.003501 0.06155 0.003844 0.028959 0.017483 0.044818 0.009325 0.001487 0.013736 0.004229 0.007041 0.455844 0.001641 0.511874 0.009169 0.13413 7.29E-4 0.829081 0.00287 0.213215 0.002972 7.32E-4 0.001138 0.004831 0.090741 0.832754 0.007031 0.022267 0.005879 
0.887285 0.002098 0.38334 0.012406 0.00886 0.019509 0.010535 0.039902 0.015626 0.023749 0.013105 0.012436 0.022737 0.017504 0.008686 0.703797 0.008896 0.411314 0.013134 0.022857 0.005202 0.421746 0.004036 0.728683 0.008817 6.58E-4 0.002629 0.011294 0.020414 0.055848 0.010227 0.016699 0.008604 
0.684864 0.001271 0.28166 0.020289 0.004635 0.032071 0.005494 0.051408 0.016614 0.02817 0.01062 0.007697 0.016451 0.012645 0.010137 0.541518 0.006046 0.133395 0.007758 0.129901 0.001734 0.880847 0.004653 0.4809 0.004301 0.001642 0.002804 0.008497 0.018995 0.208258 0.009194 0.017831 0.012188 
0.380149 7.92E-4 0.6809 0.02073 0.007297 0.014952 0.008275 0.023054 0.012982 0.009433 0.012144 0.003233 0.012124 0.006662 0.010351 0.475354 0.003669 0.333373 0.010697 0.017523 0.002952 0.472321 0.00608 0.416935 0.00496 0.001059 0.002215 0.009294 0.036579 0.21327 0.01003 0.036554 0.013712 
0.052224 0.004902 0.587821 0.024777 0.015213 0.014793 0.009017 0.033503 0.017664 0.019082 0.011862 0.018286 0.029335 0.022797 0.014793 0.213285 0.015661 0.629908 0.013642 0.026556 0.002654 0.40628 0.011087 0.142763 0.012581 0.003064 0.005592 0.008717 0.015346 0.683308 0.013748 0.013541 0.015474 
0.340478 0.001995 0.338085 0.01051 0.011021 0.015868 0.011296 0.022365 0.014895 0.011829 0.01432 0.005432 0.018467 0.00806 0.01274 0.298499 0.008572 0.695691 0.013567 0.020504 0.004864 0.384314 0.00657 0.85948 0.011689 0.001399 0.003113 0.011652 0.020999 0.13812 0.009897 0.01917 0.010463 
0.899936 8.36E-4 0.027629 0.01118 0.003182 0.005907 0.003233 0.01963 0.011511 0.182918 0.006427 0.0058 0.019125 0.048068 0.005509 0.859593 0.002781 0.83136 0.004164 0.044627 0.001174 0.706108 0.004275 0.899156 0.004176 7.36E-4 0.001074 0.007732 0.024513 0.524106 0.005004 0.006798 0.005292 
0.090166 9.61E-4 0.500499 0.016628 0.002644 0.005959 0.003584 0.027392 0.019901 0.176915 0.004817 0.009201 0.020154 0.056875 0.006938 0.085903 0.002145 0.148465 0.003635 0.009655 0.001028 0.781723 0.004572 0.52159 0.002438 6.54E-4 0.00201 0.00788 0.045591 0.904666 0.008566 0.009292 0.016721 
0.38323 0.001461 0.846228 0.0261 0.003276 0.007815 0.004475 0.01006 0.013416 0.012097 0.004467 0.005691 0.013446 0.009374 0.009113 0.816527 0.005645 0.960917 0.004458 0.01313 0.002542 0.695307 0.007848 0.370187 0.005974 0.001787 0.002091 0.007736 0.015637 0.861335 0.010676 0.136022 0.014922 
0.909187 2.6E-4 0.634278 0.005093 0.019158 0.030741 0.008254 0.16997 0.00594 0.008911 0.027385 5.85E-4 0.006165 0.001147 0.005282 0.985457 0.002305 0.601543 0.068095 0.036616 0.001899 0.439923 0.002448 0.600456 0.003857 2.64E-4 9.07E-4 0.007639 0.017299 0.570837 0.00471 0.003726 0.002991 
0.212405 9.51E-4 0.528922 0.005053 0.00698 0.102051 0.003298 0.072699 0.007129 0.012709 0.006752 0.003535 0.015329 0.008862 0.005467 0.816855 0.003803 0.085398 0.010401 0.032316 0.0017 0.444542 0.004236 0.694351 0.005267 7.37E-4 0.001777 0.005139 0.035584 0.54328 0.005557 0.0086 0.006832 
0.213837 0.00106 0.984532 0.029158 0.009718 0.016799 0.008898 0.015957 0.023796 0.012804 0.012858 0.004088 0.020823 0.009459 0.015317 0.808571 0.003995 0.951197 0.011827 0.01207 0.003102 0.473711 0.003743 0.885924 0.007428 9.77E-4 0.002904 0.007946 0.016852 0.03463 0.011421 0.066814 0.00931 
0.870913 0.001458 0.497408 0.04983 0.005907 0.03899 0.004781 0.07544 0.028402 0.031952 0.006777 0.003419 0.028971 0.006927 0.01238 0.801912 0.005329 0.959875 0.008745 0.079479 0.0014 0.550495 0.003862 0.537843 0.009387 0.001137 0.001829 0.006789 0.015942 0.722844 0.01225 0.030426 0.005067 
0.973705 0.001014 0.702237 0.009865 0.005482 0.028361 0.007646 0.055947 0.007152 0.025664 0.010309 0.003689 0.006186 0.013046 0.008386 0.23688 0.003893 0.631931 0.009821 0.070552 9.89E-4 0.401883 0.006862 0.375472 0.004479 8.95E-4 0.001518 0.015931 0.038653 0.972306 0.006501 0.012055 0.006742 
0.783266 8.48E-4 0.755914 0.060969 0.004676 0.004762 0.001934 0.03148 0.009197 0.004222 0.003325 0.003932 0.011186 0.021032 0.005963 0.44433 0.003567 0.466202 0.003872 0.016236 0.001379 0.050646 0.014128 0.603296 0.004429 0.001505 0.003267 0.004963 0.01413 0.113931 0.009894 0.060346 0.065643 
0.24364 0.001958 0.02286 0.019524 0.003838 0.03788 0.003304 0.05941 0.019856 0.02482 0.010649 0.010939 0.01736 0.019545 0.011874 0.18839 0.007291 0.585426 0.011434 0.084259 8.61E-4 0.97393 0.003273 0.449404 0.005968 0.001195 0.001801 0.005627 0.021125 0.868727 0.009919 0.015366 0.008573 
0.067947 0.001145 0.360928 0.023164 0.003971 0.009985 0.004789 0.012498 0.021656 0.011969 0.004953 0.004911 0.01922 0.00909 0.012473 0.971592 0.005462 0.991307 0.004711 0.011609 0.002026 0.150097 0.003363 0.644205 0.006381 7.21E-4 0.001764 0.005407 0.031357 0.207912 0.009554 0.065794 0.006418 
0.858402 0.001033 0.67988 0.019442 0.004708 0.008742 0.005077 0.024369 0.006007 0.008123 0.005599 0.00438 0.012037 0.024524 0.004238 0.847333 0.003488 0.005653 0.005416 0.014154 0.002615 0.162325 0.019314 0.136652 0.003373 0.00286 0.002734 0.007469 0.016307 0.199834 0.00621 0.113256 0.084072 
0.70058 0.001686 0.402364 0.025041 0.006528 0.026344 0.006108 0.031448 0.023157 0.014391 0.009819 0.007869 0.023683 0.021054 0.015764 0.308077 0.006324 0.006108 0.012397 0.038311 0.001799 0.277439 0.005674 0.884231 0.006675 0.001563 0.002295 0.009067 0.018973 0.241872 0.013168 0.013728 0.009247 
0.214446 6.14E-4 0.575184 0.056043 0.003508 0.007011 0.004238 0.023774 0.013017 0.010356 0.004402 0.002854 0.026136 0.021288 0.007497 0.173572 0.003673 0.411422 0.003562 0.022228 0.001262 0.694873 0.013711 0.606218 0.00567 0.00169 0.001617 0.007487 0.011755 0.519932 0.006952 0.080733 0.069497 
0.699246 0.002015 0.456525 0.011281 0.005525 0.029176 0.011669 0.036596 0.009122 0.031022 0.011119 0.007834 0.009624 0.009856 0.014883 0.740527 0.006155 0.875414 0.007914 0.047216 0.002736 0.662352 0.009647 0.668249 0.006701 0.001705 0.002057 0.01897 0.067584 0.571357 0.007564 0.010953 0.008547 
0.151846 8.12E-4 0.782551 0.013711 0.008186 0.016663 0.009086 0.029269 0.017371 0.020038 0.012791 0.00391 0.024424 0.009416 0.012793 0.914188 0.007566 0.321023 0.012461 0.028266 0.002478 0.227811 0.009276 0.295534 0.010962 5.68E-4 0.001849 0.013901 0.022083 0.847911 0.01037 0.015203 0.00748 
0.181603 0.013307 0.17921 0.007609 0.005195 0.034611 0.006613 0.08593 0.010656 0.013998 0.010562 0.002814 0.011603 0.007282 0.004316 0.808281 0.016548 0.50115 0.01011 0.038851 0.010519 0.768335 0.006233 0.165392 0.002246 0.013787 0.001232 0.011232 0.0246 0.691437 0.010011 0.009046 0.008008 
0.920485 0.00171 0.401536 0.023081 0.006919 0.011584 0.009858 0.013736 0.049221 0.006133 0.01281 0.004586 0.043932 0.005824 0.024578 0.714643 0.007268 0.50455 0.009928 0.015224 0.003166 0.142766 0.008125 0.858691 0.016258 0.002332 0.002845 0.01055 0.01445 0.750839 0.030229 0.014826 0.012826 
0.660155 0.001236 0.583504 0.016623 0.002566 0.005202 0.003571 0.020475 0.013863 0.224309 0.005115 0.008318 0.020617 0.051689 0.005955 0.489984 0.003578 0.617601 0.003722 0.02225 8.59E-4 0.487911 0.005283 0.08327 0.003559 0.001331 0.001034 0.011202 0.016795 0.052305 0.005151 0.007493 0.014128 
0.792582 0.003222 0.82645 0.024658 0.010559 0.020466 0.008356 0.024748 0.023481 0.026924 0.01497 0.009495 0.019335 0.014125 0.012318 0.763263 0.011671 0.829914 0.016177 0.017736 0.002104 0.584523 0.005741 0.573464 0.01015 0.001632 0.001896 0.009719 0.020799 0.329041 0.017976 0.01388 0.006541 
0.593236 2.41E-4 0.216276 0.031135 0.004218 0.053529 0.00457 0.034932 0.018258 0.050245 0.010167 0.001279 0.01255 0.004075 0.008605 0.202616 0.001676 0.001799 0.009975 0.108087 0.001081 0.190025 0.002912 0.976335 0.003199 2.15E-4 5.05E-4 0.006057 0.053701 0.304404 0.009599 0.026641 0.00337 
0.604478 0.001997 0.47911 0.019382 0.007743 0.021303 0.007074 0.024008 0.022898 0.018722 0.009989 0.00578 0.02131 0.01171 0.013508 0.397357 0.006766 0.744067 0.012105 0.040869 0.001982 0.772656 0.009217 0.993904 0.009248 0.001837 0.002016 0.010921 0.048729 0.944909 0.011693 0.018619 0.01367 
0.603156 0.002333 0.230299 0.010837 0.011577 0.019435 0.008618 0.033804 0.010623 0.023555 0.01262 0.010635 0.020236 0.02033 0.011014 0.630205 0.007833 0.40773 0.013086 0.033447 0.004459 0.513815 0.008755 0.579885 0.008558 0.002404 0.004637 0.009901 0.035475 0.599879 0.010249 0.01159 0.012594 
0.105561 5.37E-4 0.295181 0.027667 0.00499 0.04074 0.004106 0.024844 0.019983 0.037341 0.008441 0.002634 0.016438 0.005023 0.008357 0.402089 0.004147 0.283595 0.009098 0.156183 0.001402 6.59E-4 0.002539 0.306497 0.005032 6.12E-4 0.001049 0.003783 0.058292 0.593828 0.009732 0.028199 0.005241 
0.260318 0.002634 0.685687 0.021501 0.01261 0.015692 0.009367 0.024917 0.017079 0.016553 0.012056 0.010473 0.024804 0.016451 0.01305 0.783102 0.016162 0.88522 0.012488 0.025756 0.003947 0.910802 0.010506 0.466219 0.014139 0.002596 0.004395 0.009968 0.042107 0.569268 0.014519 0.020999 0.018876 
0.059095 7.31E-4 0.451875 0.005885 0.004419 0.096271 0.005354 0.227661 0.007057 0.026151 0.012403 0.001347 0.008655 0.002293 0.004386 0.790045 0.00209 0.16869 0.025079 0.119229 8.67E-4 0.427194 0.002224 0.333428 0.003331 3.9E-4 0.001036 0.006403 0.015865 0.740905 0.003572 0.005393 0.003236 
0.131354 0.002593 0.492313 0.011352 0.01408 0.028917 0.01102 0.02985 0.009337 0.021747 0.020346 0.007315 0.011617 0.013216 0.005799 0.922563 0.006568 0.213022 0.021041 0.032648 0.002879 0.259401 0.006839 0.834012 0.005656 0.001469 0.002696 0.011962 0.030901 0.759783 0.00522 0.01607 0.010558 
0.473887 4.21E-4 0.922685 0.021351 0.003193 0.029506 0.002915 0.033646 0.065625 0.106147 0.003708 0.001671 0.054405 0.007068 0.011522 0.37406 0.002399 0.513563 0.004285 0.02745 9.9E-4 0.981993 0.002141 0.54648 0.005523 1.96E-4 7.66E-4 0.005059 0.046338 0.496537 0.009809 0.055592 0.002238 
0.284459 0.012795 0.122624 0.005076 0.006127 0.029593 0.00693 0.043351 0.006597 0.00838 0.01147 0.002771 0.011497 0.005314 0.00758 0.615329 0.015558 0.399067 0.011413 0.061214 0.010661 0.935114 0.004049 0.123794 0.003572 0.013252 0.001764 0.01022 0.02704 0.735733 0.010034 0.005022 0.004571 
0.310923 0.001159 0.229701 0.02774 0.009875 0.015818 0.008244 0.012627 0.026109 0.01481 0.011347 0.004499 0.027209 0.015547 0.011177 0.330202 0.004513 0.28182 0.012862 0.03396 0.003989 0.275431 0.005157 0.113949 0.008376 0.001324 0.003982 0.009651 0.0125 0.228432 0.010394 0.014632 0.010086 
0.248799 0.012022 0.084905 0.005962 0.006266 0.029795 0.006301 0.063202 0.009674 0.01433 0.011362 0.003856 0.010446 0.009354 0.008532 0.395804 0.014687 0.553483 0.009494 0.074646 0.010096 0.547287 0.003442 0.214479 0.004277 0.012546 0.001662 0.010568 0.0216 0.226653 0.009681 0.005184 0.004143 
0.941231 2.69E-4 0.189011 0.020584 0.005791 0.042208 0.007204 0.03137 0.059028 0.101832 0.010624 0.001167 0.041138 0.00482 0.015742 0.896405 0.002322 0.049469 0.00822 0.036601 0.002561 0.746551 0.00314 0.66072 0.005156 3.08E-4 0.001179 0.007738 0.050561 0.975707 0.011915 0.037887 0.004141 
0.35256 0.003591 0.879866 0.107721 0.003146 0.006604 0.003739 0.011684 0.05068 0.020275 0.00581 0.001402 0.074193 0.003009 0.013492 0.140499 0.003421 0.433369 0.004638 0.07885 7.03E-4 0.648027 0.002147 0.095377 0.008534 0.003179 0.001275 0.006158 0.055967 0.593421 0.0227 0.002984 0.001645 
0.162476 1.18E-4 0.708705 0.008762 0.001629 0.05674 0.00155 0.065601 0.007613 0.012583 0.004243 6.57E-4 0.005048 0.002289 0.003141 0.054297 7.78E-4 0.809914 0.004567 0.191101 3.49E-4 0.851806 0.001711 0.992928 0.001153 1.8E-4 2.43E-4 0.002624 0.131392 0.113566 0.003286 0.02523 0.004879 
0.598195 0.001378 0.118308 0.007627 0.010129 0.051043 0.004369 0.099446 0.005466 0.00776 0.01181 0.005327 0.007918 0.012696 0.003733 0.867727 0.004384 0.94602 0.014502 0.0389 0.002027 0.688933 0.003308 0.039023 0.003454 0.001179 0.002014 0.00508 0.057091 0.604314 0.003808 0.009236 0.00902 
0.709639 0.002241 0.741502 0.01588 0.006682 0.020411 0.006093 0.085164 0.011253 0.02237 0.009664 0.01161 0.01579 0.026901 0.006489 0.867883 0.005853 0.808613 0.011809 0.09712 0.001262 0.640929 0.003649 0.447873 0.003918 0.001002 0.001541 0.009994 0.014005 0.944331 0.007141 0.009864 0.006968 
0.433295 0.001492 0.666326 0.004899 0.004872 0.033487 0.004504 0.075685 0.006118 0.033004 0.008054 0.004907 0.006416 0.008537 0.006336 0.203676 0.00494 0.559678 0.007574 0.055313 0.001299 0.269011 0.00457 0.443066 0.005595 9.08E-4 0.001516 0.008968 0.035141 0.175239 0.006062 0.006952 0.009543 
0.653163 5.13E-4 0.901348 0.021355 0.003611 0.010911 0.005476 0.008037 0.013859 0.005802 0.006828 0.001629 0.013989 0.003193 0.008333 0.658856 0.00246 0.961965 0.005403 0.015981 0.001902 0.567144 0.006879 0.995382 0.003505 0.001115 0.00119 0.008027 0.015541 0.108436 0.007368 0.100494 0.010691 
0.841852 4.54E-4 0.548251 0.004752 0.00324 0.005907 0.002938 0.008045 0.005853 0.012903 0.003007 0.002479 0.010006 0.006439 0.002819 0.984448 0.001842 0.729372 0.003638 0.016596 4.98E-4 0.745093 0.013052 0.749251 0.002287 8.94E-4 0.001067 0.007869 0.108012 0.16689 0.002515 0.07143 0.04271 
0.655582 4.95E-4 0.087822 0.052546 0.003566 0.029175 0.00444 0.097847 0.032313 0.028587 0.005846 0.001379 0.034847 0.004037 0.015868 0.053 0.002953 0.216647 0.006593 0.051755 0.001109 0.110408 0.002041 0.797986 0.007655 4.98E-4 0.001362 0.00505 0.016444 0.032336 0.012193 0.029283 0.005184 
0.377512 8.62E-4 0.380642 0.037098 0.005736 0.046057 0.005332 0.129022 0.015349 0.016544 0.005425 0.003429 0.018337 0.006918 0.006051 0.645659 0.0036 0.413238 0.007829 0.046257 0.001441 0.522928 0.004225 0.103713 0.005898 0.001243 0.002027 0.008313 0.023956 0.262861 0.007536 0.032078 0.008373 
0.418162 0.001514 0.169198 0.005905 0.00589 0.044685 0.00617 0.038434 0.006341 0.050615 0.009051 0.007489 0.00622 0.015886 0.006237 0.127579 0.00554 0.119675 0.008608 0.066336 0.001418 0.01792 0.006024 9.99E-4 0.004178 0.001356 0.001455 0.012039 0.047382 0.488486 0.003985 0.014114 0.00963 
0.398005 7.01E-4 0.990511 0.021141 0.009324 0.02078 0.00758 0.019854 0.041455 0.012214 0.013714 0.002671 0.031396 0.009255 0.018645 0.517344 0.003405 0.811317 0.013185 0.021108 0.003059 0.4204 0.008341 0.226534 0.008025 0.00181 0.001744 0.00845 0.022629 0.696569 0.024001 0.014922 0.010927 
0.517254 4.34E-4 0.72918 0.002732 0.00105 0.003024 0.002318 0.005191 0.002751 0.005552 0.001246 0.001782 0.003382 0.003585 0.002599 0.480933 0.001675 0.465403 0.001685 0.005899 4.21E-4 0.082693 0.016911 0.937559 0.001716 9.09E-4 7.94E-4 0.006035 0.050858 0.903069 0.002608 0.024857 0.036673 
0.484039 0.00117 0.933592 0.046731 0.003908 0.008357 0.003117 0.027528 0.017315 0.0055 0.004483 0.004089 0.023268 0.019224 0.0097 0.559477 0.003315 0.992175 0.005062 0.016921 0.00119 0.395366 0.013508 0.720343 0.005144 0.001614 0.003755 0.006617 0.030667 0.639031 0.007112 0.0809 0.02407 
0.591584 0.001376 0.068582 0.018012 0.005385 0.027247 0.002918 0.046515 0.010528 0.117306 0.004363 0.011746 0.007537 0.081065 0.005541 0.927673 0.004966 0.650812 0.005499 0.060681 0.00169 0.501701 0.002068 0.2994 0.0029 4.45E-4 9.87E-4 0.004053 0.01561 0.203299 0.005542 0.014564 0.005346 
0.957975 0.001921 0.010177 0.027073 0.005394 0.016371 0.005279 0.023072 0.018454 0.017894 0.00875 0.007544 0.017838 0.013467 0.013314 0.42896 0.006892 0.008915 0.008783 0.021252 0.0015 0.246941 0.0041 0.608821 0.008865 7.46E-4 0.001583 0.007423 0.035155 0.095447 0.010704 0.064479 0.010198 
0.505086 0.001267 0.161021 0.011514 0.017935 0.027777 0.015466 0.02614 0.013249 0.018664 0.023542 0.004927 0.014659 0.012152 0.007682 0.657729 0.004095 0.383944 0.023788 0.029235 0.004055 0.777146 0.008885 0.432377 0.006316 7.96E-4 0.001655 0.018401 0.066823 0.375332 0.006434 0.01582 0.013059 
0.225068 0.001429 0.242603 0.012452 0.005992 0.0217 0.004937 0.017752 0.010787 0.012403 0.011198 0.005299 0.013391 0.012066 0.006186 0.892267 0.005171 0.592667 0.010904 0.015791 0.001486 0.051314 0.004251 0.129597 0.004694 0.001005 0.001637 0.005724 0.030712 0.350014 0.004834 0.059206 0.013422 
0.839179 0.001922 0.382041 0.020216 0.004641 0.024252 0.003973 0.038115 0.008172 0.039039 0.004967 0.018943 0.004097 0.124628 0.004677 0.314621 0.005693 0.617271 0.005879 0.059519 0.001322 0.214081 0.002902 0.791539 0.001389 5.77E-4 0.001406 0.006445 0.008807 0.680236 0.005841 0.026704 0.005252 
0.196205 0.003746 0.445656 0.122902 0.001863 0.009121 0.0026 0.014053 0.057719 0.008439 0.004878 0.002149 0.073041 0.002409 0.01458 0.260624 0.002766 0.987488 0.004126 0.108828 7.69E-4 0.798486 0.001922 0.844 0.007906 0.003023 0.001332 0.003628 0.038184 0.303852 0.022693 0.006641 0.002882 
0.32978 0.004075 0.912219 0.092565 0.002971 0.007144 0.0034 0.010552 0.050096 0.011818 0.005813 0.001116 0.058104 0.002618 0.00949 0.165298 0.002517 0.15821 0.004314 0.094669 9.33E-4 0.950034 0.002378 0.319206 0.005105 0.00394 0.001666 0.004443 0.058052 0.204236 0.017079 0.006124 0.002887 
0.821442 8.09E-4 0.800523 0.025336 0.004557 0.009536 0.005003 0.014757 0.012888 0.006651 0.006491 0.003318 0.009523 0.005787 0.008116 0.599438 0.004691 0.700825 0.006506 0.01455 0.002564 0.572239 0.008636 0.105069 0.006245 0.001828 0.003184 0.008259 0.014496 0.841086 0.008803 0.165118 0.020418 
0.849199 0.001746 0.791879 0.013023 0.011409 0.011257 0.006981 0.023216 0.012751 0.037254 0.008033 0.007835 0.017983 0.022675 0.012649 0.5101 0.009422 0.429915 0.008776 0.026291 0.00312 0.523299 0.008583 0.452174 0.010771 0.001852 0.002846 0.00776 0.025662 0.390431 0.010082 0.009972 0.014612 
0.613682 0.002183 0.10704 0.139736 0.002112 0.004408 0.002545 0.011901 0.068046 0.020683 0.003791 0.001319 0.050025 0.002205 0.012807 0.40297 0.002386 0.944029 0.002787 0.081967 6.35E-4 0.576776 0.001914 0.724166 0.006907 0.001569 0.001295 0.003737 0.052375 0.782968 0.025888 0.003843 0.001884 
0.722903 2.29E-4 0.073362 0.017615 0.002453 0.077716 0.002409 0.062882 0.014226 0.022219 0.006124 0.001242 0.009704 0.002599 0.005098 0.585044 0.001119 0.538526 0.006862 0.104975 3.53E-4 0.890123 0.001568 0.822326 0.002075 1.85E-4 3.1E-4 0.003358 0.091725 0.925858 0.005234 0.013603 0.002153 
0.708909 6.65E-4 0.934709 0.007352 0.012818 0.074104 0.007477 0.14628 0.006865 0.008918 0.023227 0.001157 0.008334 0.002185 0.006903 0.898548 0.002923 0.004335 0.051687 0.049497 0.001772 0.335911 0.002346 0.817887 0.004407 6.24E-4 0.002068 0.007549 0.017742 0.743221 0.006741 0.006967 0.003842 
0.961994 4.62E-4 0.523313 0.009535 0.003152 0.055748 0.00467 0.029747 0.013733 0.031095 0.008797 0.001337 0.010915 0.003567 0.004631 0.662516 0.002347 0.059031 0.008283 0.177833 8.69E-4 0.519716 0.004538 0.259894 0.002523 5.67E-4 8.06E-4 0.00678 0.102325 0.540204 0.004439 0.028312 0.008923 
0.495644 0.00277 0.402952 0.016189 0.010135 0.023021 0.010082 0.022913 0.019498 0.023984 0.015401 0.008346 0.021335 0.015096 0.012132 0.584103 0.010293 0.825965 0.015577 0.030961 0.002904 0.089612 0.005784 0.51004 0.011422 8.38E-4 0.00197 0.011728 0.043804 0.651368 0.009899 0.016565 0.008061 
0.195696 0.002165 0.819509 0.028335 0.007173 0.008665 0.004393 0.016973 0.032456 0.017934 0.006649 0.008484 0.030886 0.016856 0.020027 0.060165 0.007739 0.033692 0.009578 0.036339 0.00205 0.990381 0.004802 0.771478 0.011948 0.002056 0.006586 0.005281 0.019159 0.895118 0.01967 0.015925 0.015401 
0.437973 7.28E-4 0.683189 0.027058 0.003436 0.022224 0.00377 0.026969 0.068093 0.172953 0.005425 0.002851 0.041844 0.013944 0.019392 0.93612 0.003535 0.232982 0.005043 0.023224 0.00163 0.801076 0.002399 0.962114 0.006671 4.54E-4 0.00105 0.004769 0.037016 0.940337 0.014269 0.04395 0.004148 
0.087469 0.001014 0.001358 0.005665 0.002427 0.026411 0.007015 0.062303 0.006204 0.033436 0.005979 0.003945 0.006404 0.010185 0.005999 0.815435 0.00427 0.541354 0.006124 0.0645 0.001267 0.341065 0.010515 0.003091 0.004613 0.001663 0.002703 0.019061 0.026643 0.260727 0.006961 0.008506 0.012951 
0.991188 7.14E-4 0.862057 0.027067 0.006742 0.020435 0.006945 0.03268 0.02167 0.011116 0.011283 0.003206 0.015655 0.00701 0.016489 0.402554 0.003631 0.475786 0.011245 0.01614 0.002169 0.248949 0.004872 0.61474 0.00702 9.48E-4 0.002728 0.009761 0.029635 0.203699 0.014318 0.04683 0.009295 
0.805404 1.83E-4 0.450883 0.003583 7.16E-4 0.002141 0.001342 0.004659 0.00421 0.005871 8.07E-4 0.001163 0.006504 0.002616 0.002217 0.459876 0.001229 0.459642 9.82E-4 0.008938 2.26E-4 0.219681 0.009936 0.55114 0.00178 4.31E-4 5.89E-4 0.003641 0.093805 0.70085 0.002069 0.033536 0.022727 
0.565067 3.48E-4 0.436752 0.007048 0.001762 0.005161 0.002064 0.006721 0.007867 0.006314 0.002307 0.001785 0.011226 0.003071 0.004464 0.057853 0.001481 0.951107 0.002551 0.010825 4.04E-4 0.002122 0.013028 0.572255 0.002472 6.5E-4 9.15E-4 0.006596 0.0941 0.823817 0.004741 0.057105 0.037259 
0.863766 0.001994 0.570892 0.020508 0.013311 0.023313 0.011513 0.024069 0.019217 0.011025 0.017454 0.007247 0.021014 0.015851 0.012713 0.636577 0.00567 0.199134 0.019842 0.047326 0.003721 0.751779 0.007905 0.927112 0.008117 0.001614 0.003702 0.013759 0.024718 0.169839 0.011442 0.016524 0.011504 
0.878328 6.61E-4 0.262219 0.02507 0.004897 0.037209 0.00267 0.026079 0.060532 0.142189 0.005149 0.002417 0.040689 0.011912 0.016908 0.486932 0.002412 0.539311 0.006875 0.020567 8.24E-4 0.563238 0.002795 0.579593 0.005564 5.6E-4 0.001577 0.004074 0.058883 0.06095 0.012706 0.05917 0.003017 
0.610092 0.001412 0.02725 0.036742 0.00836 0.066137 0.002227 0.079003 0.014336 0.02832 0.00595 0.004209 0.017607 0.006162 0.009197 0.439134 0.003851 0.442935 0.011845 0.040412 0.001523 0.862187 0.002443 0.876184 0.007828 0.001094 0.002312 0.004986 0.022977 0.203592 0.009758 0.016091 0.006168 
0.587403 8.41E-4 0.35038 0.038002 0.006336 0.035964 0.004889 0.095486 0.009723 0.025895 0.005832 0.003988 0.01611 0.006982 0.004804 0.437894 0.003309 0.565911 0.008832 0.035895 0.001158 0.16294 0.004483 0.478497 0.004644 7.89E-4 0.001491 0.007368 0.019337 0.145806 0.006649 0.036953 0.006494 
0.247024 8.02E-4 0.314062 0.020435 0.010398 0.016964 0.010883 0.018156 0.013874 0.012117 0.015501 0.003524 0.011524 0.005924 0.010809 0.326034 0.003572 0.871322 0.014042 0.024251 0.003593 0.143638 0.003922 0.894501 0.005874 0.001185 0.003557 0.009637 0.037028 0.310679 0.0099 0.064181 0.007455 
0.491146 0.001093 0.092069 0.014756 0.001195 0.006083 0.002732 0.027139 0.016106 0.176094 0.00545 0.006817 0.015522 0.048215 0.00997 0.421006 0.002984 0.399263 0.002833 0.026946 6.54E-4 0.170903 0.005507 0.024027 0.003757 6.82E-4 6.59E-4 0.008056 0.024693 0.278267 0.006622 0.005585 0.008422 
0.864803 6.24E-4 0.60295 0.009314 0.001478 0.005059 0.00346 0.018191 0.010643 0.215165 0.003738 0.006763 0.010368 0.043325 0.004658 0.870475 0.002022 0.40122 0.002476 0.044396 8.83E-4 0.338999 0.004242 0.265302 0.002091 3.72E-4 0.001411 0.01057 0.02451 0.058109 0.003874 0.008605 0.01148 
0.816235 0.001318 0.842388 0.013097 0.010576 0.013369 0.0089 0.031055 0.013068 0.012269 0.011451 0.004538 0.018826 0.008131 0.015999 0.219077 0.009228 0.986852 0.011334 0.016241 0.003795 0.687579 0.006389 0.662933 0.013799 0.001425 0.004197 0.012415 0.02381 0.793878 0.013755 0.011031 0.00929 
0.153519 0.001531 0.575135 0.018143 0.012815 0.013518 0.0046 0.019002 0.021173 0.015692 0.007586 0.008963 0.024258 0.012007 0.018435 0.625636 0.010269 0.275196 0.008663 0.025158 0.00234 0.33787 0.009357 0.750985 0.012207 0.005514 0.0102 0.007123 0.066344 0.356787 0.013907 0.014127 0.022235 
0.234251 0.001293 0.064932 0.02681 0.007083 0.013198 0.005002 0.022981 0.02184 0.011775 0.008837 0.004328 0.021348 0.008014 0.012672 0.381266 0.004337 0.375052 0.008983 0.011439 0.001725 0.053575 0.004116 0.35858 0.007066 0.001236 0.002388 0.005949 0.03371 0.203504 0.011753 0.04628 0.009346 
0.015908 0.003008 0.202747 0.024131 0.01391 0.011282 0.005729 0.016828 0.024177 0.023604 0.007822 0.011215 0.025821 0.018322 0.021104 0.149607 0.015191 0.525073 0.008182 0.019141 0.002992 0.297596 0.005917 0.954959 0.019245 0.003775 0.008375 0.006579 0.038175 0.957514 0.020017 0.014233 0.016606 
0.861657 0.002441 0.98974 0.015014 0.013303 0.021482 0.011676 0.025465 0.017363 0.01825 0.016151 0.008229 0.021921 0.015153 0.011995 0.269812 0.012138 0.169238 0.01761 0.02702 0.003582 0.644366 0.008564 0.183676 0.010468 0.003271 0.005346 0.01183 0.025763 0.032633 0.010991 0.019255 0.01388 
0.585747 0.003198 0.421069 0.074788 0.001509 0.005539 0.003097 0.037125 0.084521 0.008678 0.003614 0.001489 0.068799 0.002946 0.01422 0.764788 0.003888 0.917057 0.00279 0.140097 7.0E-4 0.253064 0.00208 0.056813 0.009863 0.002373 0.001245 0.004651 0.047045 0.174155 0.020544 0.004937 0.001671 
0.117145 2.1E-4 0.935976 0.015907 0.001603 0.039271 0.002612 0.048388 0.015152 0.021705 0.004565 7.61E-4 0.010263 0.001912 0.005284 0.497838 0.001012 0.21517 0.003296 0.153706 6.02E-4 0.970145 0.002906 0.389282 0.001826 2.62E-4 3.26E-4 0.00513 0.096165 0.240424 0.004546 0.013946 0.003404 
0.111185 8.21E-4 0.974191 0.019899 0.010419 0.026106 0.011006 0.026035 0.039589 0.017482 0.01817 0.005153 0.032703 0.009326 0.014256 0.509839 0.006084 0.693843 0.017076 0.026119 0.005762 0.311475 0.006528 0.197279 0.008496 0.001691 0.001298 0.010893 0.021956 0.297354 0.019024 0.013584 0.011799 
0.096227 0.001406 0.980997 0.025919 0.005417 0.033955 0.00267 0.037851 0.011401 0.072599 0.003943 0.012587 0.007364 0.107669 0.006498 0.750245 0.003315 0.492855 0.005423 0.036792 0.001568 0.976632 0.001548 0.233516 0.002647 4.45E-4 0.001294 0.00322 0.010129 0.384582 0.007672 0.018806 0.004624 
0.307986 0.001047 0.068134 0.03805 0.006803 0.05122 0.005269 0.113986 0.014786 0.02767 0.006298 0.003817 0.017879 0.007801 0.008216 0.141336 0.004303 0.504811 0.010603 0.062644 0.001781 0.715107 0.003725 0.714242 0.005573 7.23E-4 0.001171 0.008815 0.01753 0.671164 0.009175 0.021438 0.002549 
0.574617 0.001603 0.346649 0.017101 0.00198 0.018515 0.002649 0.022105 0.010701 0.093947 0.003635 0.01774 0.009272 0.156462 0.005578 0.62545 0.004469 0.199157 0.004894 0.038595 0.001035 0.901831 0.001765 0.334619 0.001717 3.44E-4 0.001022 0.004426 0.007253 0.863938 0.005778 0.017738 0.004434 
0.492934 0.001156 0.74767 0.017149 0.010935 0.021011 0.007647 0.029179 0.016444 0.015051 0.014413 0.004815 0.022569 0.008848 0.011846 0.571186 0.006387 0.221057 0.014953 0.027689 0.001625 0.539996 0.005178 0.320244 0.011017 6.79E-4 0.003001 0.010667 0.024478 0.221653 0.010253 0.023215 0.009791 
0.999329 0.001696 0.167561 0.012498 0.00993 0.023044 0.010134 0.033142 0.017335 0.015767 0.015976 0.006039 0.025197 0.01114 0.012699 0.838406 0.008517 0.333668 0.015554 0.01925 0.003194 0.397839 0.005136 0.502201 0.010272 6.58E-4 0.00288 0.009774 0.017507 0.355407 0.011882 0.012812 0.008788 
0.278785 2.53E-4 0.778361 0.004313 0.001586 0.004971 0.002981 0.007292 0.006277 0.00446 0.002344 0.001233 0.008979 0.002652 0.002867 0.894236 0.001411 0.597655 0.002532 0.010038 3.18E-4 0.239877 0.01667 0.069368 0.002444 0.001061 5.68E-4 0.005481 0.075725 0.37937 0.002734 0.03471 0.038755 
0.329904 0.001373 0.11087 0.02212 0.002278 0.022301 0.002353 0.027052 0.009989 0.066877 0.003793 0.012665 0.007899 0.105009 0.011453 0.323401 0.00587 0.77431 0.003098 0.048839 8.21E-4 0.521122 0.001992 0.37521 0.006727 5.76E-4 9.21E-4 0.004071 0.014618 0.342105 0.013213 0.0232 0.005265 
0.120178 0.010515 0.89894 0.011663 0.007343 0.053215 0.00587 0.127344 0.014022 0.011519 0.012888 0.00198 0.009747 0.005074 0.008794 0.443017 0.012828 0.14234 0.01343 0.043306 0.009024 0.041921 0.002287 0.353639 0.004791 0.010742 0.002095 0.006535 0.014804 0.569111 0.008829 0.008773 0.004392 
0.527025 2.53E-4 0.922358 0.04411 0.003537 0.025648 0.00286 0.034884 0.019715 0.043456 0.005486 0.001814 0.011953 0.006114 0.009994 0.084997 0.002531 0.884423 0.007272 0.127334 7.41E-4 0.244096 0.00283 0.053598 0.003632 5.28E-4 0.001007 0.003679 0.053154 0.118853 0.010186 0.021545 0.007241 
0.650531 0.001847 0.6982 0.018221 0.013157 0.023548 0.013524 0.024822 0.017636 0.014244 0.020389 0.005394 0.018423 0.010779 0.011877 0.858353 0.007315 0.147817 0.019593 0.039819 0.004417 0.117565 0.008125 0.733742 0.009058 0.001311 0.003234 0.015347 0.041812 0.516271 0.013821 0.01811 0.012169 
0.078229 7.94E-4 0.680395 0.031163 0.00571 0.009437 0.006101 0.014563 0.021148 0.007792 0.007747 0.003285 0.016336 0.005799 0.0119 0.566861 0.0035 0.954244 0.007476 0.021111 0.003073 0.038002 0.00533 0.371379 0.006098 8.75E-4 0.001421 0.00711 0.012558 0.456351 0.014452 0.13781 0.007783 
0.885521 0.001897 0.355922 0.020264 0.009648 0.015502 0.009685 0.015563 0.028506 0.014462 0.011794 0.007649 0.030917 0.019488 0.014957 0.131947 0.007232 0.48838 0.013627 0.040665 0.003496 0.250343 0.009128 0.395871 0.009718 0.002235 0.002745 0.014037 0.019746 0.02124 0.013813 0.016522 0.010057 
0.777232 8.69E-4 0.054189 0.065653 0.005441 0.009558 0.003151 0.036622 0.006093 0.007316 0.005012 0.00293 0.014569 0.020565 0.00411 0.2472 0.002471 0.331997 0.005669 0.016052 0.001399 0.50094 0.014005 0.608961 0.002947 0.001876 0.003048 0.004199 0.01722 0.511064 0.006114 0.084265 0.052181 
0.012756 5.09E-4 0.881899 0.004552 0.001664 0.002335 0.003567 0.0058 0.005173 0.006357 0.00211 0.001395 0.00831 0.004792 0.003827 0.138662 0.00197 0.039268 0.001816 0.00913 5.38E-4 0.101662 0.016576 0.923556 0.002909 5.71E-4 7.16E-4 0.007046 0.100148 0.377159 0.00294 0.046259 0.047654 
0.130974 0.001345 0.042253 0.011928 0.006024 0.014488 0.005203 0.036467 0.011387 0.01751 0.008172 0.006115 0.016285 0.01632 0.010415 0.870902 0.008777 0.504732 0.00871 0.017184 0.001686 0.137304 0.005034 0.904722 0.011715 8.41E-4 0.00227 0.007148 0.028674 0.833729 0.009988 0.02308 0.007011 
0.817688 0.002068 0.125014 0.023543 0.013756 0.015006 0.015433 0.015977 0.017692 0.009863 0.016865 0.004924 0.014253 0.006849 0.009858 0.297795 0.00481 0.236129 0.018219 0.032795 0.003867 0.337712 0.011591 0.388356 0.006315 0.001683 0.002562 0.017959 0.050005 0.981176 0.010405 0.0192 0.013692 
0.886328 1.88E-4 0.207157 0.002768 0.001103 0.002244 0.00236 0.003678 0.004 0.002585 0.001516 8.92E-4 0.00491 0.001767 0.002412 0.986098 0.00111 0.116288 0.001538 0.011697 2.74E-4 0.476508 0.017904 0.757084 0.001754 9.52E-4 4.03E-4 0.006003 0.082034 0.47223 0.002094 0.03368 0.061427 
0.615393 9.54E-4 0.861008 0.026474 0.005596 0.02337 0.004031 0.053746 0.019445 0.029566 0.008511 0.008874 0.021771 0.016534 0.011282 0.858554 0.007347 0.162643 0.00965 0.081409 0.001944 0.384816 0.002447 0.283939 0.00794 8.06E-4 0.00266 0.008088 0.015823 0.77949 0.010892 0.01316 0.00719 

